-81873         4979.678
-80973         4979.673
-80073         4979.676
-79173         4979.68
-78273         4979.688
-77373         4979.701
-76473         4979.715
-75573         4979.73
-74673         4979.752
-73773         4979.768
-72873         4979.786
-71973         4979.807
-71073         4979.824
-70173         4979.842
-69273         4979.864
-68373         4979.879
-67473         4979.899
-66573         4979.911
-65673         4979.925
-64773         4979.935
-63873         4979.944
-62973         4979.952
-62073         4979.956
-61173         4979.958
-60273         4979.961
-59373         4979.957
-58473         4979.953
-57573         4979.947
-56673         4979.941
-55773         4979.93
-54873         4979.921
-53973         4979.909
-53073         4979.898
-52173         4979.885
-51273         4979.872
-50373         4979.86
-49473         4979.849
-48573         4979.841
-47673         4979.832
-46773         4979.826
-45873         4979.822
-44973         4979.819
-44073         4979.818
-43173         4979.822
-42273         4979.828
-41373         4979.839
-40473         4979.85
-39573         4979.862
-38673         4979.878
-37773         4979.898
-36873         4979.918
-35973         4979.94
-35073         4979.965
-34173         4979.993
-33273         4980.023
-32373         4980.05
-31473         4980.08
-30573         4980.11
-29673         4980.137
-28773         4980.165
-27873         4980.191
-26973         4980.216
-26073         4980.243
-25173         4980.267
-24273         4980.285
-23373         4980.303
-22473         4980.316
-21573         4980.327
-20673         4980.336
-19773         4980.343
-18873         4980.342
-17973         4980.336
-17073         4980.331
-16173         4980.319
-15273         4980.304
-14373         4980.286
-13473         4980.264
-12573         4980.24
-11673         4980.215
-10773         4980.188
-9873          4980.155
-8973          4980.123
-8073          4980.089
-7173          4980.054
-6273          4980.021
-5373          4979.982
-4473          4979.949
-3573          4979.915
-2673          4979.881
102            4979.791
117            4979.774
132            4979.753
147            4979.735
207            4979.823
267            4979.798
327            4979.765
387            4979.724
447            4979.84
507            4979.797
567            4979.769
627            4979.771
687            4979.785
747            4979.771
807            4979.76
867            4979.8
927            4979.733
987            4979.788
1047           4979.765
1107           4979.754
1167           4979.775
1227           4979.757
1287           4979.763
1347           4979.762
1407           4979.757
1467           4979.759
1527           4979.757
1587           4979.754
1647           4979.754
1707           4979.751
1767           4979.754
1827           4979.743
1887           4979.752
1947           4979.746
2007           4979.748
2067           4979.744
2127           4979.745
2187           4979.74
2247           4979.737
2307           4979.743
2367           4979.736
2427           4979.735
2487           4979.734
3027           4979.723
3087           4979.721
3147           4979.719
3207           4979.72
3267           4979.716
3327           4979.717
3387           4979.716
3447           4979.714
3507           4979.711
3567           4979.712
3627           4979.709
3687           4979.71
3747           4979.709
3807           4979.707
3867           4979.707
3927           4979.706
3987           4979.705
4047           4979.704
4107           4979.702
4167           4979.701
4227           4979.699
4287           4979.699
4347           4979.698
4407           4979.696
4467           4979.696
4527           4979.696
4587           4979.695
4647           4979.694
4707           4979.695
4767           4979.694
4827           4979.693
4887           4979.694
4947           4979.692
5007           4979.692
5067           4979.692
5127           4979.692
5187           4979.692
5247           4979.691
5307           4979.689
5367           4979.688
5427           4979.686
5487           4979.685
5547           4979.684
5607           4979.683
5667           4979.684
5727           4979.683
5787           4979.68
5847           4979.679
5907           4979.679
5967           4979.679
6027           4979.679
6087           4979.678
6147           4979.677
6207           4979.677
6267           4979.676
6327           4979.676
6387           4979.674
6447           4979.675
6507           4979.674
6567           4979.674
6627           4979.674
6687           4979.673
6747           4979.674
6807           4979.673
6867           4979.674
6927           4979.673
6987           4979.674
7047           4979.674
7107           4979.674
7167           4979.673
7227           4979.672
7287           4979.674
7347           4979.674
7407           4979.673
7467           4979.674
7527           4979.673
7587           4979.674
7647           4979.674
7707           4979.675
7767           4979.675
7827           4979.675
7887           4979.675
7947           4979.675
8007           4979.676
8067           4979.676
8127           4979.676
8187           4979.676
8247           4979.675
8307           4979.675
8367           4979.676
8427           4979.675
8487           4979.677
8547           4979.677
8607           4979.676
8667           4979.676
8727           4979.676
8787           4979.675
8847           4979.675
8907           4979.675
8967           4979.676
9027           4979.676
9087           4979.676
9147           4979.675
9207           4979.675
9267           4979.674
9327           4979.675
9387           4979.675
9447           4979.674
9507           4979.675
9567           4979.675
9627           4979.675
9687           4979.675
9747           4979.675
9807           4979.675
9867           4979.675
9927           4979.675
9987           4979.676
10047          4979.677
10107          4979.677
10167          4979.677
10227          4979.678
10287          4979.679
10347          4979.68
10407          4979.681
10467          4979.681
10527          4979.683
10587          4979.683
10647          4979.684
10707          4979.685
10767          4979.685
10827          4979.686
10887          4979.686
10947          4979.688
11007          4979.687
11067          4979.689
11127          4979.689
11187          4979.69
11247          4979.692
11307          4979.692
11367          4979.695
11427          4979.695
11487          4979.696
11547          4979.698
11607          4979.699
11667          4979.7
11727          4979.701
11787          4979.702
11847          4979.702
11907          4979.704
11967          4979.702
12027          4979.705
12087          4979.705
12147          4979.706
12207          4979.707
12267          4979.707
12327          4979.707
12387          4979.708
12447          4979.709
12507          4979.71
12567          4979.711
12627          4979.711
12687          4979.711
12747          4979.714
12807          4979.713
12867          4979.714
12927          4979.715
12987          4979.715
13047          4979.716
13107          4979.716
13167          4979.717
13227          4979.717
13287          4979.719
13347          4979.72
13407          4979.721
13467          4979.722
13527          4979.722
13587          4979.723
13647          4979.725
13707          4979.726
13767          4979.725
13827          4979.727
13887          4979.729
13947          4979.73
14007          4979.732
14067          4979.732
14127          4979.734
14187          4979.734
14247          4979.734
14307          4979.736
14367          4979.737
14427          4979.738
14487          4979.738
14547          4979.74
14607          4979.741
14667          4979.743
14727          4979.743
14787          4979.744
14847          4979.745
14907          4979.747
14967          4979.749
15027          4979.749
15087          4979.75
15147          4979.752
15207          4979.753
15267          4979.754
16227          4979.774
17127          4979.792
18027          4979.811
18927          4979.827
19827          4979.847
20727          4979.868
21627          4979.886
22527          4979.903
23427          4979.92
24327          4979.933
25227          4979.946
26127          4979.957
48627          4979.876
49527          4979.884
50427          4979.893
51327          4979.908
52227          4979.923
53127          4979.94
54027          4979.959
54927          4979.977
55827          4980.0
56727          4980.023
57627          4980.047
58527          4980.072
59427          4980.097
60327          4980.12
61227          4980.143
62127          4980.163
63027          4980.186
63927          4980.206
64827          4980.223
65727          4980.237
66627          4980.249
67527          4980.26
68427          4980.265
69327          4980.271
70227          4980.274
71127          4980.273
72027          4980.265
72927          4980.256
73827          4980.241
74727          4980.227
75627          4980.207
76527          4980.188
77427          4980.164
78327          4980.138
79227          4980.111
80127          4980.02
80187          4980.017
80247          4980.015
80307          4980.011
80367          4980.01
80427          4980.006
80487          4980.004
80547          4980.002
80607          4979.998
80667          4979.995
80727          4979.991
80787          4979.989
80847          4979.988
80907          4979.984
80967          4979.982
81027          4979.979
81087          4979.977
81147          4979.976
81207          4979.973
81267          4979.972
81327          4979.97
81387          4979.968
81447          4979.965
81507          4979.963
81567          4979.962
81627          4979.96
81687          4979.956
81747          4979.955
81807          4979.953
81867          4979.95
81927          4979.948
81987          4979.946
82047          4979.943
82107          4979.941
82167          4979.939
82227          4979.937
82287          4979.934
82347          4979.932
82407          4979.929
82467          4979.928
82527          4979.925
82587          4979.923
82647          4979.92
82707          4979.919
82767          4979.916
82827          4979.913
82887          4979.911
82947          4979.909
83007          4979.908
83067          4979.905
83127          4979.903
83187          4979.9
83247          4979.898
83307          4979.894
83367          4979.893
83427          4979.89
83487          4979.888
83547          4979.887
83607          4979.884
83667          4979.882
83727          4979.88
83787          4979.879
83847          4979.878
83907          4979.875
83967          4979.872
84027          4979.871
84087          4979.869
84147          4979.866
84207          4979.865
84267          4979.862
84327          4979.86
84387          4979.858
84447          4979.857
84507          4979.854
84567          4979.851
84627          4979.849
84687          4979.848
84747          4979.845
84807          4979.844
84867          4979.842
84927          4979.84
84987          4979.838
85047          4979.836
85107          4979.835
85167          4979.832
85227          4979.83
85287          4979.828
85347          4979.825
85407          4979.824
85467          4979.822
85527          4979.82
85587          4979.819
85647          4979.816
85707          4979.815
85767          4979.812
85827          4979.81
85887          4979.808
85947          4979.805
86007          4979.804
86067          4979.803
86127          4979.802
86187          4979.8
86247          4979.797
86307          4979.796
86367          4979.794
86427          4979.792
86487          4979.763
86547          4979.823
86607          4979.798
86667          4979.765
86727          4979.724
86787          4979.84
86847          4979.797
86907          4979.769
86967          4979.771
87027          4979.785
87087          4979.771
87147          4979.76
87207          4979.8
87267          4979.733
87327          4979.788
87387          4979.765
87447          4979.754
87507          4979.775
87567          4979.757
87627          4979.763
87687          4979.762
87747          4979.757
87807          4979.759
87867          4979.757
87927          4979.754
87987          4979.754
88047          4979.751
88107          4979.754
88167          4979.743
88227          4979.752
88287          4979.746
88347          4979.748
88407          4979.744
88467          4979.745
88527          4979.74
88587          4979.737
88647          4979.743
88707          4979.736
88767          4979.735
88827          4979.734
88887          4979.735
88947          4979.73
89007          4979.729
89067          4979.729
89127          4979.725
89187          4979.726
89247          4979.724
89307          4979.722
89367          4979.723
89427          4979.721
89487          4979.719
89547          4979.72
89607          4979.716
89667          4979.717
89727          4979.716
89787          4979.714
89847          4979.711
89907          4979.712
89967          4979.709
90027          4979.71
90087          4979.709
90147          4979.707
90207          4979.707
90267          4979.706
90327          4979.705
90387          4979.704
90447          4979.702
90507          4979.701
90567          4979.699
90627          4979.699
90687          4979.698
90747          4979.696
90807          4979.696
90867          4979.696
