-52927         3404.354
-52027         3404.334
-51127         3404.311
-50227         3404.284
-49327         3404.253
-48427         3404.215
-47527         3404.176
-46627         3404.134
-45727         3404.093
-44827         3404.055
-43927         3404.014
-43027         3403.973
-42127         3403.935
-41227         3403.9
-40327         3403.865
-39427         3403.837
-38527         3403.809
-37627         3403.785
-36727         3403.77
-35827         3403.763
-34927         3403.759
-34027         3403.759
-33127         3403.76
-32227         3403.77
-31327         3403.783
-30427         3403.799
-29527         3403.822
-28627         3403.853
-27727         3403.881
-26827         3403.914
-25927         3403.951
-25027         3403.993
-24127         3404.032
-23227         3404.077
-22327         3404.119
-21427         3404.166
-20527         3404.211
-19627         3404.251
-18727         3404.295
-17827         3404.331
-16927         3404.369
-16027         3404.399
-15127         3404.425
-14227         3404.449
-13327         3404.47
-12427         3404.48
-11527         3404.489
-10627         3404.492
-9727          3404.486
-8827          3404.479
-7927          3404.465
-7027          3404.446
-6127          3404.425
-5227          3404.397
-4327          3404.369
-3427          3404.334
-2527          3404.293
-2467          3404.292
-2407          3404.289
-2347          3404.286
-2287          3404.284
-2227          3404.281
-2167          3404.277
-2107          3404.276
-2047          3404.273
-1987          3404.269
-1927          3404.267
-1867          3404.266
-1807          3404.263
-1747          3404.259
-1687          3404.258
-1627          3404.254
-1567          3404.252
-1507          3404.249
-1447          3404.247
-1387          3404.245
-1327          3404.242
-1267          3404.239
-1207          3404.236
-1147          3404.234
-1087          3404.231
-1027          3404.229
-967           3404.225
-907           3404.224
-847           3404.22
-787           3404.217
-727           3404.215
-667           3404.212
-607           3404.21
-547           3404.206
-487           3404.204
-427           3404.201
-367           3404.197
-307           3404.195
-247           3404.192
-187           3404.189
-127           3404.186
-67            3404.185
-7             3404.181
53             3404.179
113            3404.176
173            3404.175
233            3404.17
293            3404.167
353            3404.166
413            3404.16
458            3404.149
473            3404.161
488            3404.191
503            3404.169
518            3404.15
533            3404.172
548            3404.146
563            3404.131
578            3404.134
593            3404.156
608            3404.171
623            3404.172
638            3404.152
653            3404.136
668            3404.151
683            3404.162
713            3404.145
773            3404.14
833            3404.142
893            3404.137
953            3404.134
1013           3404.13
1073           3404.127
1133           3404.124
1193           3404.123
1253           3404.12
1313           3404.116
1373           3404.114
1433           3404.113
1493           3404.109
1553           3404.105
1613           3404.104
1673           3404.099
1733           3404.1
1793           3404.099
1853           3404.091
1913           3404.091
1973           3404.089
2033           3404.084
2093           3404.081
2153           3404.078
2213           3404.076
2273           3404.073
2333           3404.072
2393           3404.07
2453           3404.066
2513           3404.063
2573           3404.06
2633           3404.057
2693           3404.055
2753           3404.051
2813           3404.049
2873           3404.046
2933           3404.043
2993           3404.04
3053           3404.038
3113           3404.035
3173           3404.033
3233           3404.029
3293           3404.026
3353           3404.026
3413           3404.022
3473           3404.017
3533           3404.016
3593           3404.013
3653           3404.011
3713           3404.008
3773           3404.005
3833           3404.003
3893           3404.0
3953           3403.998
4013           3403.995
4073           3403.993
4133           3403.99
4193           3403.99
4253           3403.986
4313           3403.983
4373           3403.981
4433           3403.98
4493           3403.975
4553           3403.974
4613           3403.971
4673           3403.969
4733           3403.965
4793           3403.965
4853           3403.962
4913           3403.96
4973           3403.956
5033           3403.955
5093           3403.952
5153           3403.95
5213           3403.949
5273           3403.947
5333           3403.944
5393           3403.942
5453           3403.939
5513           3403.938
5573           3403.935
5633           3403.933
5693           3403.929
5753           3403.929
5813           3403.927
5873           3403.925
5933           3403.923
5993           3403.921
6053           3403.919
6113           3403.917
6173           3403.915
6233           3403.913
6293           3403.911
6353           3403.91
6413           3403.908
6473           3403.906
6533           3403.906
6593           3403.902
6653           3403.9
6713           3403.898
6773           3403.897
6833           3403.895
6893           3403.893
6953           3403.891
7013           3403.888
7073           3403.89
7133           3403.886
7193           3403.885
7253           3403.882
7313           3403.881
7373           3403.879
7433           3403.878
7493           3403.877
7553           3403.876
7613           3403.873
7673           3403.871
7733           3403.871
7793           3403.869
7853           3403.867
7913           3403.868
7973           3403.865
8033           3403.864
8093           3403.863
8153           3403.862
8213           3403.861
8273           3403.861
8333           3403.861
8393           3403.857
8453           3403.858
8513           3403.856
8573           3403.853
8633           3403.852
8693           3403.85
8753           3403.847
8813           3403.849
8873           3403.847
8933           3403.846
8993           3403.843
9053           3403.842
9113           3403.842
9173           3403.839
9233           3403.838
9293           3403.837
9353           3403.836
9413           3403.834
9473           3403.833
9533           3403.831
9593           3403.83
9653           3403.829
9713           3403.829
9773           3403.828
9833           3403.827
9893           3403.827
9953           3403.827
10013          3403.825
10073          3403.825
10133          3403.824
10193          3403.824
10253          3403.823
10313          3403.822
10373          3403.822
10433          3403.821
10493          3403.824
10553          3403.821
10613          3403.822
10673          3403.82
10733          3403.821
10793          3403.821
10853          3403.821
10913          3403.819
10973          3403.82
11033          3403.817
11093          3403.818
11153          3403.817
11213          3403.816
11273          3403.816
11333          3403.817
11393          3403.816
11453          3403.815
11513          3403.816
11573          3403.817
11633          3403.815
11693          3403.815
11753          3403.815
11813          3403.815
12773          3403.818
13673          3403.825
14573          3403.839
15473          3403.851
16373          3403.87
17273          3403.898
18173          3403.927
19073          3403.957
19973          3403.992
20873          3404.03
21773          3404.066
22673          3404.098
23573          3404.14
24473          3404.178
25373          3404.213
26273          3404.248
27173          3404.281
28073          3404.302
28973          3404.328
29873          3404.348
30773          3404.364
31673          3404.374
32573          3404.378
