-102201        5372.393
-101301        5372.379
-100401        5372.369
-99501         5372.361
-98601         5372.354
-97701         5372.351
-96801         5372.35
-95901         5372.349
-95001         5372.355
-94101         5372.357
-93201         5372.363
-92301         5372.366
-91401         5372.374
-90501         5372.382
-89601         5372.389
-88701         5372.396
-87801         5372.405
-86901         5372.413
-86001         5372.421
-85101         5372.428
-84201         5372.438
-83301         5372.442
-82401         5372.446
-81501         5372.454
-80601         5372.462
-79701         5372.464
-78801         5372.468
-77901         5372.472
-77001         5372.474
-76101         5372.478
-75201         5372.48
-74301         5372.481
-73401         5372.482
-72501         5372.484
-71601         5372.485
-70701         5372.488
-69801         5372.489
-68901         5372.492
-68001         5372.493
-67101         5372.498
-66201         5372.503
-65301         5372.509
-64401         5372.514
-63501         5372.521
-62601         5372.532
-61701         5372.543
-60801         5372.557
-59901         5372.573
-59001         5372.593
-58101         5372.615
-57201         5372.64
-56301         5372.666
-55401         5372.696
-54501         5372.725
-53601         5372.752
-52701         5372.783
-51801         5372.812
-50901         5372.841
-50001         5372.869
-49101         5372.898
-48201         5372.929
-47301         5372.955
-46401         5372.981
-45501         5373.009
-44601         5373.029
-43701         5373.05
-42801         5373.068
-41901         5373.084
-41001         5373.097
-40101         5373.106
-39201         5373.111
-38301         5373.116
-37401         5373.114
-36501         5373.111
-35601         5373.105
-34701         5373.093
-33801         5373.077
-32901         5373.06
-32001         5373.039
-31101         5373.013
-30201         5372.986
-29301         5372.952
-28401         5372.918
-27501         5372.882
-26601         5372.843
-25701         5372.803
-24801         5372.762
-23901         5372.719
-23001         5372.676
-22101         5372.632
-21201         5372.589
-20301         5372.545
-19401         5372.5
-18501         5372.46
-17601         5372.419
-16701         5372.38
-15801         5372.344
-14901         5372.313
-14001         5372.286
-13101         5372.263
-12201         5372.243
-11301         5372.228
-10401         5372.215
-9501          5372.205
-8601          5372.2
-7701          5372.198
-6801          5372.197
-5901          5372.199
-5001          5372.203
-4941          5372.204
-4881          5372.205
-4821          5372.204
-4761          5372.204
-4701          5372.204
-4641          5372.205
-4581          5372.205
-4521          5372.205
-4461          5372.206
-4401          5372.206
-4341          5372.206
-4281          5372.207
-4221          5372.207
-4161          5372.207
-4101          5372.208
-4041          5372.208
-3981          5372.209
-3921          5372.208
-3861          5372.209
-3801          5372.21
-3741          5372.211
-3681          5372.212
-3621          5372.212
-3561          5372.213
-3501          5372.214
-3441          5372.214
-3381          5372.216
-3321          5372.217
-3261          5372.217
-3201          5372.217
-3141          5372.218
-3081          5372.219
-3021          5372.219
-2961          5372.22
-2901          5372.22
-2841          5372.221
-2781          5372.221
-2721          5372.222
-2661          5372.223
-2601          5372.223
-2541          5372.224
-2481          5372.227
-2421          5372.226
-2361          5372.227
-2301          5372.229
-2241          5372.23
-2181          5372.231
-2121          5372.231
-2061          5372.232
-2001          5372.233
-1941          5372.235
-1881          5372.234
-1821          5372.236
-1761          5372.238
-1701          5372.238
-1641          5372.238
-1581          5372.24
-1521          5372.242
-1461          5372.242
-1401          5372.242
-1341          5372.243
-1281          5372.244
-1221          5372.246
-1161          5372.247
-1101          5372.248
-1041          5372.249
-981           5372.249
-921           5372.25
-861           5372.251
-801           5372.253
-741           5372.254
-681           5372.255
-621           5372.256
-561           5372.259
-501           5372.259
-441           5372.26
-381           5372.261
-321           5372.262
-261           5372.262
-201           5372.264
-141           5372.265
-81            5372.266
-21            5372.266
39             5372.268
99             5372.27
159            5372.271
219            5372.271
279            5372.272
339            5372.279
399            5372.273
459            5372.273
519            5372.275
579            5372.278
594            5372.268
609            5372.343
624            5372.269
639            5372.325
654            5372.255
669            5372.252
684            5372.295
699            5372.243
714            5372.299
729            5372.249
744            5372.236
759            5372.277
774            5372.318
789            5372.296
804            5372.273
819            5372.329
879            5372.269
939            5372.262
999            5372.276
1059           5372.282
1119           5372.328
1179           5372.241
1239           5372.301
1299           5372.316
1359           5372.283
1419           5372.275
1479           5372.305
1539           5372.298
1599           5372.275
1659           5372.311
1719           5372.289
1779           5372.322
1839           5372.29
1899           5372.306
1959           5372.28
2019           5372.327
2079           5372.304
2139           5372.307
2199           5372.304
2259           5372.308
2319           5372.324
2379           5372.299
2439           5372.321
2499           5372.31
2559           5372.298
2619           5372.328
2679           5372.303
2739           5372.325
2799           5372.319
2859           5372.318
2919           5372.312
2979           5372.325
3039           5372.326
3099           5372.315
3159           5372.329
3219           5372.333
3279           5372.32
3339           5372.348
3399           5372.307
3459           5372.325
3519           5372.337
3579           5372.328
3639           5372.341
3699           5372.331
3759           5372.338
3819           5372.332
3879           5372.346
3939           5372.334
3999           5372.346
4059           5372.341
4119           5372.344
4179           5372.337
4239           5372.347
4299           5372.351
4359           5372.353
4419           5372.343
4479           5372.349
4539           5372.35
4599           5372.358
4659           5372.354
4719           5372.357
4779           5372.354
4839           5372.361
4899           5372.359
4959           5372.36
5019           5372.364
5079           5372.365
5139           5372.364
5199           5372.367
5259           5372.371
5319           5372.364
5379           5372.373
5439           5372.372
5499           5372.366
5559           5372.376
5619           5372.369
5679           5372.383
5739           5372.376
5799           5372.38
5859           5372.378
5919           5372.382
5979           5372.382
6039           5372.383
6099           5372.388
6159           5372.388
6219           5372.384
6279           5372.391
6339           5372.391
6399           5372.388
6459           5372.394
6519           5372.395
6579           5372.393
6639           5372.396
6699           5372.396
6759           5372.402
6819           5372.397
6879           5372.4
6939           5372.402
6999           5372.404
7059           5372.404
7119           5372.402
7179           5372.411
7239           5372.408
7299           5372.413
7359           5372.407
7419           5372.412
7479           5372.412
7539           5372.416
7599           5372.413
7659           5372.415
7719           5372.418
7779           5372.419
7839           5372.418
7899           5372.422
7959           5372.42
8019           5372.426
8079           5372.424
8139           5372.426
8199           5372.425
8259           5372.429
8319           5372.43
8379           5372.43
8439           5372.431
8499           5372.432
8559           5372.436
8619           5372.435
8679           5372.434
8739           5372.435
8799           5372.438
8859           5372.439
8919           5372.441
8979           5372.441
9039           5372.44
9099           5372.445
9159           5372.443
9219           5372.446
9279           5372.445
9339           5372.447
9399           5372.448
9459           5372.45
9519           5372.449
9579           5372.452
9639           5372.454
9699           5372.453
9759           5372.454
9819           5372.455
9879           5372.458
9939           5372.459
9999           5372.457
10059          5372.46
10119          5372.46
10179          5372.461
10239          5372.462
10299          5372.464
10359          5372.464
10419          5372.465
10479          5372.468
10539          5372.468
10599          5372.468
10659          5372.468
10719          5372.47
10779          5372.472
10839          5372.473
10899          5372.472
10959          5372.475
11019          5372.474
11079          5372.475
11139          5372.476
11199          5372.477
11259          5372.477
11319          5372.477
11379          5372.478
11439          5372.478
11499          5372.478
11559          5372.478
11619          5372.476
11679          5372.473
11739          5372.472
11799          5372.47
11859          5372.472
11919          5372.48
11979          5372.493
12039          5372.507
12099          5372.516
12159          5372.518
12219          5372.509
12279          5372.493
12339          5372.479
12399          5372.475
12459          5372.48
12519          5372.491
12579          5372.498
12639          5372.498
12699          5372.497
12759          5372.498
12819          5372.505
12879          5372.511
12939          5372.51
12999          5372.504
13059          5372.497
13119          5372.499
13179          5372.509
13239          5372.514
13299          5372.514
13359          5372.506
13419          5372.505
13479          5372.512
13539          5372.519
13599          5372.519
13659          5372.512
13719          5372.512
13779          5372.517
13839          5372.521
13899          5372.523
13959          5372.525
14019          5372.528
14079          5372.527
14139          5372.522
14199          5372.522
14259          5372.529
14319          5372.531
14379          5372.525
14439          5372.521
14499          5372.527
14559          5372.532
14619          5372.531
14679          5372.529
14739          5372.534
14799          5372.536
14859          5372.533
14919          5372.531
14979          5372.536
15039          5372.546
15099          5372.547
15159          5372.541
15219          5372.536
15279          5372.533
15339          5372.533
15399          5372.535
15459          5372.54
15519          5372.544
15579          5372.55
15639          5372.552
15699          5372.547
15759          5372.544
15819          5372.546
15879          5372.552
15939          5372.553
15999          5372.552
16059          5372.55
16119          5372.546
16179          5372.546
16239          5372.551
16299          5372.555
16359          5372.559
16419          5372.566
16479          5372.565
16539          5372.556
16599          5372.554
16659          5372.559
16719          5372.56
16779          5372.565
16839          5372.567
16899          5372.56
16959          5372.556
17019          5372.564
17079          5372.567
17139          5372.567
17199          5372.566
17259          5372.56
17319          5372.56
17379          5372.562
17439          5372.569
17499          5372.576
17559          5372.571
17619          5372.567
17679          5372.573
17739          5372.571
17799          5372.569
17859          5372.578
17919          5372.583
17979          5372.577
18039          5372.572
18099          5372.576
18159          5372.582
18219          5372.576
18279          5372.577
18339          5372.582
18399          5372.58
18459          5372.585
18519          5372.583
18579          5372.577
18639          5372.585
18699          5372.587
18759          5372.583
18819          5372.584
18879          5372.584
18939          5372.583
18999          5372.588
19059          5372.59
19119          5372.588
19179          5372.588
19239          5372.592
19299          5372.59
19359          5372.584
19419          5372.58
19479          5372.585
19539          5372.596
19599          5372.59
19659          5372.588
19719          5372.597
19779          5372.596
19839          5372.586
19899          5372.585
19959          5372.595
20019          5372.598
20079          5372.6
20139          5372.596
20199          5372.594
20259          5372.59
20319          5372.589
20379          5372.597
20439          5372.6
20499          5372.593
20559          5372.588
20619          5372.59
20679          5372.6
20739          5372.607
20799          5372.605
20859          5372.602
20919          5372.597
20979          5372.588
21039          5372.598
21099          5372.607
21159          5372.601
21219          5372.601
21279          5372.607
21339          5372.603
21399          5372.601
21459          5372.603
21519          5372.596
21579          5372.601
21639          5372.609
21699          5372.605
21759          5372.602
21819          5372.603
21879          5372.609
21939          5372.613
21999          5372.605
22059          5372.6
22119          5372.61
22179          5372.618
22239          5372.615
22299          5372.606
22359          5372.604
22419          5372.61
22479          5372.609
22539          5372.607
22599          5372.612
22659          5372.614
22719          5372.618
22779          5372.614
22839          5372.611
22899          5372.609
22959          5372.613
23019          5372.618
23079          5372.616
23139          5372.61
23199          5372.609
23259          5372.615
23319          5372.621
23379          5372.618
23439          5372.619
23499          5372.615
23559          5372.611
23619          5372.616
23679          5372.626
23739          5372.626
24699          5372.626
25599          5372.64
26499          5372.651
27399          5372.665
28299          5372.685
29199          5372.694
30099          5372.72
30999          5372.737
31899          5372.763
32799          5372.794
33699          5372.805
34599          5372.836
35499          5372.855
36399          5372.881
37299          5372.908
38199          5372.933
39099          5372.957
39999          5372.98
40899          5373.008
41799          5373.029
42699          5373.054
43599          5373.068
44499          5373.099
45399          5373.118
46299          5373.135
47199          5373.145
48099          5373.162
48999          5373.167
49899          5373.175
50799          5373.175
51699          5373.172
52599          5373.154
53499          5373.146
54399          5373.126
55299          5373.104
56199          5373.084
57099          5373.059
57999          5373.025
58899          5372.993
59799          5372.953
60699          5372.911
61599          5372.864
62499          5372.816
63399          5372.767
64299          5372.718
65199          5372.663
66099          5372.609
66999          5372.551
67899          5372.497
68799          5372.444
69699          5372.393
