-97448         2738.381
-96548         2738.368
-95648         2738.366
-94748         2738.381
-93848         2738.411
-92948         2738.453
-92048         2738.503
-91148         2738.568
-90248         2738.642
-89348         2738.727
-88448         2738.817
-87548         2738.917
-86648         2739.023
-85748         2739.129
-84848         2739.237
-83948         2739.347
-83048         2739.452
-82148         2739.557
-81248         2739.658
-80348         2739.752
-79448         2739.836
-78548         2739.906
-77648         2739.968
-76748         2740.018
-75848         2740.052
-74948         2740.078
-74048         2740.091
-73148         2740.089
-72248         2740.07
-71348         2740.04
-70448         2740.003
-69548         2739.952
-68648         2739.885
-67748         2739.813
-66848         2739.729
-65948         2739.641
-65048         2739.549
-64148         2739.45
-63248         2739.353
-62348         2739.259
-61448         2739.168
-60548         2739.075
-59648         2738.992
-58748         2738.917
-57848         2738.848
-56948         2738.794
-56048         2738.746
-55148         2738.712
-54248         2738.689
-53348         2738.678
-52448         2738.681
-51548         2738.7
-50648         2738.727
-49748         2738.769
-48848         2738.825
-47948         2738.895
-47048         2738.973
-46148         2739.062
-45248         2739.156
-44348         2739.26
-43448         2739.369
-42548         2739.482
-41648         2739.593
-40748         2739.703
-39848         2739.815
-38948         2739.924
-38048         2740.022
-37148         2740.115
-36248         2740.198
-35348         2740.272
-34448         2740.337
-33548         2740.391
-32648         2740.432
-31748         2740.457
-30848         2740.471
-29948         2740.462
-29048         2740.44
-28148         2740.405
-27248         2740.351
-26348         2740.284
-25448         2740.202
-24548         2740.107
-23648         2740.0
-22748         2739.884
-21848         2739.76
-20948         2739.631
-20048         2739.496
-19148         2739.363
-18248         2739.226
-17348         2739.09
-16448         2738.957
-15548         2738.833
-14648         2738.718
-13748         2738.608
-12848         2738.509
-11948         2738.423
-11048         2738.353
-10148         2738.293
-9248          2738.247
-8348          2738.22
-7448          2738.211
-6548          2738.215
-5648          2738.234
-4748          2738.27
-3848          2738.32
-3788          2738.324
-3728          2738.329
-3668          2738.332
-3608          2738.336
-3548          2738.34
-3488          2738.345
-3428          2738.348
-3368          2738.353
-3308          2738.356
-3248          2738.361
-3188          2738.365
-3128          2738.371
-3068          2738.376
-3008          2738.38
-2948          2738.384
-2888          2738.39
-2828          2738.394
-2768          2738.399
-2708          2738.404
-2648          2738.408
-2588          2738.413
-2528          2738.419
-2468          2738.424
-2408          2738.429
-2348          2738.435
-2288          2738.44
-2228          2738.444
-2168          2738.449
-2108          2738.455
-2048          2738.46
-1988          2738.466
-1928          2738.472
-1868          2738.477
-1808          2738.483
-1748          2738.489
-1688          2738.495
-1628          2738.498
-1568          2738.505
-1508          2738.511
-1448          2738.518
-1388          2738.523
-1328          2738.528
-1268          2738.533
-1208          2738.54
-1148          2738.546
-1088          2738.553
-1028          2738.559
-968           2738.566
-908           2738.572
-848           2738.579
-788           2738.585
-728           2738.592
-668           2738.597
-608           2738.603
-548           2738.61
-488           2738.616
-428           2738.622
-368           2738.629
-308           2738.637
-248           2738.643
-188           2738.65
-128           2738.657
-68            2738.665
-8             2738.672
52             2738.68
112            2738.684
172            2738.699
202            2738.7
217            2738.709
232            2738.628
247            2738.782
262            2738.626
277            2738.617
292            2738.607
307            2738.778
322            2738.727
337            2738.673
352            2738.683
367            2738.717
382            2738.7
397            2738.754
412            2738.737
427            2738.701
472            2738.723
532            2738.74
592            2738.734
652            2738.752
712            2738.747
772            2738.775
832            2738.767
892            2738.777
952            2738.793
1012           2738.787
1072           2738.797
1132           2738.808
1192           2738.817
1252           2738.819
1312           2738.833
1372           2738.842
1432           2738.845
1492           2738.85
1552           2738.864
1612           2738.871
1672           2738.873
1732           2738.884
1792           2738.888
1852           2738.902
1912           2738.904
1972           2738.915
2032           2738.919
2092           2738.929
2152           2738.937
2212           2738.943
2272           2738.955
2332           2738.963
2392           2738.97
2452           2738.977
2512           2738.987
2572           2738.993
2632           2739.001
2692           2739.01
2752           2739.018
2812           2739.027
2872           2739.032
2932           2739.041
2992           2739.047
3052           2739.058
3112           2739.066
3172           2739.072
3232           2739.083
3292           2739.087
3352           2739.098
3412           2739.106
3472           2739.113
3532           2739.121
3592           2739.129
3652           2739.138
3712           2739.145
3772           2739.153
3832           2739.161
3892           2739.171
3952           2739.176
4012           2739.186
4072           2739.192
4132           2739.202
4192           2739.211
4252           2739.219
4312           2739.228
4372           2739.237
4432           2739.248
4492           2739.264
4552           2739.286
4612           2739.309
4672           2739.329
4732           2739.338
4792           2739.334
4852           2739.328
4912           2739.327
4972           2739.331
5032           2739.338
5092           2739.347
5152           2739.352
5212           2739.345
5272           2739.341
5332           2739.351
5392           2739.365
5452           2739.364
5512           2739.359
5572           2739.362
5632           2739.367
5692           2739.379
5752           2739.403
5812           2739.413
5872           2739.417
5932           2739.429
5992           2739.443
6052           2739.476
6112           2739.485
6172           2739.471
6232           2739.476
6292           2739.48
6352           2739.483
6412           2739.496
6472           2739.515
6532           2739.517
6592           2739.525
6652           2739.534
6712           2739.535
6772           2739.544
6832           2739.553
6892           2739.553
6952           2739.576
7012           2739.584
7072           2739.591
7132           2739.6
7192           2739.596
7252           2739.605
7312           2739.604
7372           2739.623
7432           2739.632
7492           2739.639
7552           2739.647
7612           2739.651
7672           2739.656
7732           2739.663
7792           2739.672
7852           2739.677
7912           2739.688
7972           2739.682
8032           2739.698
8092           2739.705
8152           2739.709
8212           2739.717
8272           2739.713
8332           2739.727
8392           2739.733
8452           2739.74
8512           2739.751
8572           2739.752
8632           2739.762
8692           2739.771
8752           2739.772
8812           2739.783
8872           2739.782
8932           2739.791
8992           2739.796
9052           2739.81
9112           2739.818
9172           2739.82
9232           2739.826
9292           2739.829
9352           2739.835
9412           2739.841
9472           2739.85
9532           2739.854
9592           2739.861
9652           2739.865
9712           2739.869
9772           2739.872
9832           2739.878
9892           2739.884
9952           2739.892
10012          2739.895
10072          2739.903
10132          2739.913
10192          2739.918
10252          2739.922
10312          2739.924
10372          2739.929
10432          2739.937
10492          2739.94
10552          2739.942
10612          2739.943
10672          2739.952
10732          2739.961
10792          2739.964
10852          2739.966
10912          2739.972
10972          2739.976
11032          2739.983
11092          2739.99
11152          2739.997
11212          2740.001
11272          2740.003
11332          2740.008
11392          2740.011
11452          2740.017
11512          2740.021
11572          2740.022
11632          2740.027
11692          2740.033
11752          2740.036
11812          2740.038
11872          2740.037
11932          2740.037
11992          2740.039
12052          2740.048
12112          2740.055
12172          2740.058
12232          2740.056
12292          2740.055
12352          2740.057
12412          2740.055
12472          2740.057
12532          2740.063
12592          2740.071
12652          2740.076
12712          2740.08
12772          2740.079
12832          2740.081
12892          2740.086
12952          2740.09
13012          2740.094
13072          2740.095
13132          2740.095
13192          2740.098
13252          2740.096
13312          2740.1
13372          2740.102
13432          2740.108
13492          2740.116
13552          2740.119
13612          2740.117
13672          2740.12
13732          2740.123
13792          2740.128
13852          2740.132
13912          2740.131
13972          2740.132
14032          2740.139
14092          2740.14
14152          2740.14
14212          2740.142
14272          2740.143
14332          2740.146
14392          2740.14
14452          2740.135
14512          2740.142
14572          2740.147
14632          2740.145
14692          2740.144
14752          2740.139
14812          2740.142
14872          2740.149
14932          2740.151
14992          2740.151
15052          2740.15
15112          2740.151
15172          2740.154
15232          2740.158
15292          2740.156
15352          2740.151
15412          2740.153
15472          2740.149
15532          2740.148
15592          2740.148
15652          2740.15
15712          2740.15
15772          2740.146
15832          2740.141
15892          2740.144
15952          2740.144
16012          2740.144
16072          2740.148
16132          2740.147
16192          2740.145
16252          2740.143
16312          2740.143
16372          2740.146
16432          2740.145
16492          2740.142
16552          2740.137
16612          2740.136
16672          2740.133
16732          2740.134
16792          2740.131
16852          2740.131
16912          2740.131
16972          2740.128
17032          2740.126
17092          2740.125
17152          2740.122
17212          2740.122
17272          2740.121
17332          2740.121
17392          2740.116
17452          2740.117
17512          2740.115
17572          2740.115
17632          2740.115
17692          2740.114
18652          2740.063
19552          2740.003
20452          2739.95
21352          2739.875
22252          2739.79
23152          2739.706
24052          2739.61
24952          2739.511
25852          2739.424
26752          2739.322
27652          2739.243
28552          2739.144
29452          2739.066
30352          2738.993
31252          2738.932
32152          2738.87
33052          2738.827
33952          2738.787
34852          2738.768
35752          2738.758
36652          2738.768
37552          2738.787
38452          2738.822
39352          2738.88
40252          2738.932
41152          2739.008
42052          2739.099
42952          2739.186
43852          2739.287
44752          2739.395
45652          2739.504
46552          2739.62
47452          2739.733
48352          2739.842
49252          2739.948
50152          2740.052
51052          2740.157
51952          2740.238
52852          2740.317
53752          2740.381
54652          2740.438
55552          2740.486
56452          2740.508
57352          2740.526
58252          2740.522
59152          2740.499
60052          2740.464
60952          2740.415
61852          2740.342
62752          2740.262
63652          2740.165
64552          2740.058
65452          2739.943
66352          2739.811
67252          2739.676
68152          2739.539
69052          2739.395
69952          2739.249
70852          2739.105
71752          2738.965
72652          2738.827
73552          2738.7
74452          2738.578
