-34302         4507.458
-33402         4507.502
-32502         4507.538
-31602         4507.57
-30702         4507.595
-29802         4507.608
-28902         4507.613
-28002         4507.609
-27102         4507.599
-26202         4507.577
-25302         4507.547
-24402         4507.51
-23502         4507.466
-22602         4507.412
-21702         4507.348
-20802         4507.28
-19902         4507.205
-19002         4507.129
-18102         4507.053
-17202         4506.969
-16302         4506.885
-15402         4506.804
-14502         4506.722
-13602         4506.644
-12702         4506.574
-11802         4506.501
-10902         4506.437
-10002         4506.381
-9102          4506.333
-8202          4506.296
-7302          4506.268
-6402          4506.251
-5502          4506.242
-5442          4506.241
-5382          4506.243
-5322          4506.242
-5262          4506.241
-5202          4506.242
-5142          4506.242
-5082          4506.243
-5022          4506.242
-4962          4506.243
-4902          4506.244
-4842          4506.244
-4782          4506.245
-4722          4506.244
-4662          4506.246
-4602          4506.247
-4542          4506.246
-4482          4506.246
-4422          4506.247
-4362          4506.248
-4302          4506.248
-4242          4506.248
-4182          4506.249
-4122          4506.252
-4062          4506.253
-4002          4506.253
-3942          4506.255
-3882          4506.256
-3822          4506.258
-3762          4506.257
-3702          4506.259
-3642          4506.261
-3582          4506.262
-3522          4506.263
-3462          4506.265
-3402          4506.266
-3342          4506.267
-3282          4506.27
-3222          4506.272
-3162          4506.273
-3102          4506.274
-3042          4506.276
-2982          4506.277
-2922          4506.28
-2862          4506.282
-2802          4506.285
-2742          4506.287
-2682          4506.289
-2622          4506.291
-2562          4506.292
-2502          4506.295
-2442          4506.298
-2382          4506.299
-2322          4506.302
-2262          4506.303
-2202          4506.307
-2142          4506.309
-2082          4506.312
-2022          4506.312
-1962          4506.316
-1902          4506.319
-1842          4506.322
-1782          4506.324
-1722          4506.328
-1662          4506.33
-1602          4506.334
-1542          4506.337
-1482          4506.34
-1422          4506.342
-1362          4506.345
-1302          4506.349
-1242          4506.353
-1182          4506.355
-1122          4506.357
-1062          4506.36
-1002          4506.364
-942           4506.367
-882           4506.371
-822           4506.375
-762           4506.378
-702           4506.381
-642           4506.383
-582           4506.387
-522           4506.391
-462           4506.394
-402           4506.397
-342           4506.401
-282           4506.404
-222           4506.408
-162           4506.412
-102           4506.416
-42            4506.42
18             4506.423
78             4506.429
138            4506.407
153            4506.428
168            4506.208
183            4506.651
198            4506.607
213            4506.564
228            4506.373
243            4506.344
258            4506.528
273            4506.462
288            4506.382
303            4506.605
318            4506.489
333            4506.482
348            4506.375
363            4506.364
378            4506.498
438            4506.419
498            4506.437
558            4506.457
618            4506.46
678            4506.443
738            4506.524
798            4506.458
858            4506.477
918            4506.458
978            4506.511
1038           4506.497
1098           4506.494
1158           4506.494
1218           4506.503
1278           4506.51
1338           4506.531
1398           4506.518
1458           4506.516
1518           4506.54
1578           4506.528
1638           4506.537
1698           4506.549
1758           4506.548
1818           4506.545
1878           4506.559
1938           4506.564
1998           4506.567
2058           4506.58
2118           4506.567
2178           4506.585
2238           4506.584
2298           4506.59
2358           4506.598
2418           4506.607
2478           4506.602
2538           4506.613
2598           4506.614
2658           4506.628
2718           4506.634
2778           4506.645
2838           4506.65
2898           4506.663
2958           4506.65
3018           4506.656
3078           4506.637
3138           4506.626
3198           4506.652
3258           4506.668
3318           4506.699
3378           4506.688
3438           4506.679
3498           4506.671
3558           4506.696
3618           4506.728
3678           4506.72
3738           4506.704
3798           4506.721
3858           4506.729
3918           4506.734
3978           4506.754
4038           4506.755
4098           4506.731
4158           4506.763
4218           4506.772
4278           4506.759
4338           4506.781
4398           4506.778
4458           4506.782
4518           4506.794
4578           4506.793
4638           4506.806
4698           4506.806
4758           4506.81
4818           4506.827
4878           4506.826
4938           4506.835
4998           4506.833
5058           4506.846
5118           4506.849
5178           4506.861
5238           4506.861
5298           4506.868
5358           4506.871
5418           4506.884
5478           4506.886
5538           4506.895
5598           4506.899
5658           4506.906
5718           4506.909
5778           4506.918
5838           4506.924
5898           4506.931
5958           4506.936
6018           4506.943
6078           4506.946
6138           4506.952
6198           4506.958
6258           4506.966
6318           4506.969
6378           4506.979
6438           4506.984
6498           4506.992
6558           4506.998
6618           4507.002
6678           4507.01
6738           4507.017
6798           4507.023
6858           4507.029
6918           4507.034
6978           4507.04
7038           4507.045
7098           4507.052
7158           4507.059
7218           4507.066
7278           4507.071
7338           4507.08
7398           4507.085
7458           4507.091
7518           4507.094
7578           4507.103
7638           4507.107
7698           4507.114
7758           4507.119
7818           4507.125
7878           4507.13
7938           4507.138
7998           4507.144
8058           4507.15
8118           4507.157
8178           4507.166
8238           4507.174
8298           4507.176
8358           4507.181
8418           4507.184
8478           4507.19
8538           4507.199
8598           4507.206
8658           4507.211
8718           4507.217
8778           4507.222
8838           4507.229
8898           4507.235
8958           4507.24
9018           4507.244
9078           4507.252
9138           4507.258
9198           4507.264
9258           4507.27
9318           4507.276
9378           4507.282
9438           4507.287
9498           4507.293
9558           4507.299
9618           4507.305
9678           4507.31
9738           4507.316
9798           4507.321
9858           4507.326
9918           4507.332
9978           4507.338
10038          4507.345
10098          4507.35
10158          4507.356
10218          4507.362
10278          4507.368
10338          4507.374
10398          4507.38
10458          4507.386
10518          4507.39
10578          4507.395
10638          4507.401
10698          4507.406
10758          4507.41
10818          4507.417
10878          4507.422
10938          4507.427
10998          4507.435
11058          4507.44
11118          4507.446
11178          4507.451
11238          4507.457
11298          4507.464
11358          4507.467
11418          4507.471
11478          4507.477
11538          4507.48
11598          4507.486
11658          4507.492
11718          4507.498
11778          4507.503
11838          4507.508
11898          4507.514
11958          4507.519
12018          4507.523
12078          4507.527
12138          4507.531
12198          4507.534
12258          4507.54
12318          4507.546
12378          4507.549
12438          4507.554
12498          4507.559
12558          4507.563
12618          4507.566
12678          4507.572
12738          4507.575
12798          4507.579
12858          4507.586
12918          4507.591
12978          4507.595
13038          4507.599
13098          4507.604
13158          4507.607
13218          4507.612
13278          4507.616
13338          4507.621
13398          4507.625
13458          4507.627
13518          4507.632
13578          4507.636
13638          4507.638
13698          4507.642
13758          4507.646
13818          4507.649
13878          4507.654
13938          4507.657
13998          4507.661
14058          4507.665
14118          4507.667
14178          4507.671
14238          4507.674
14298          4507.679
14358          4507.683
14418          4507.688
14478          4507.691
14538          4507.696
14598          4507.7
14658          4507.701
14718          4507.702
14778          4507.706
14838          4507.708
14898          4507.709
14958          4507.715
15018          4507.718
15078          4507.725
15138          4507.73
15198          4507.734
15258          4507.736
15318          4507.737
15378          4507.741
15438          4507.741
15498          4507.741
15558          4507.743
15618          4507.748
15678          4507.75
15738          4507.749
15798          4507.75
15858          4507.754
15918          4507.758
15978          4507.76
16038          4507.762
16998          4507.793
17898          4507.816
18798          4507.824
19698          4507.817
20598          4507.803
21498          4507.784
22398          4507.756
23298          4507.717
24198          4507.671
25098          4507.619
25998          4507.565
26898          4507.504
27798          4507.436
28698          4507.37
29598          4507.305
30498          4507.236
31398          4507.166
32298          4507.1
33198          4507.032
34098          4506.973
34998          4506.916
35898          4506.869
36798          4506.821
37698          4506.786
38598          4506.76
39498          4506.742
40398          4506.727
41298          4506.72
42198          4506.724
43098          4506.737
43998          4506.755
44898          4506.775
45798          4506.807
46698          4506.839
47598          4506.882
48498          4506.925
49398          4506.973
50298          4507.024
51198          4507.071
