-34302         4727.998
-33402         4728.023
-32502         4728.053
-31602         4728.075
-30702         4728.096
-29802         4728.111
-28902         4728.121
-28002         4728.126
-27102         4728.127
-26202         4728.121
-25302         4728.11
-24402         4728.092
-23502         4728.069
-22602         4728.039
-21702         4728.008
-20802         4727.97
-19902         4727.927
-19002         4727.878
-18102         4727.829
-17202         4727.774
-16302         4727.722
-15402         4727.663
-14502         4727.603
-13602         4727.548
-12702         4727.49
-11802         4727.435
-10902         4727.383
-10002         4727.332
-9102          4727.29
-8202          4727.253
-7302          4727.217
-6402          4727.191
-5502          4727.172
-5442          4727.171
-5382          4727.17
-5322          4727.169
-5262          4727.167
-5202          4727.168
-5142          4727.166
-5082          4727.166
-5022          4727.164
-4962          4727.163
-4902          4727.162
-4842          4727.162
-4782          4727.161
-4722          4727.16
-4662          4727.161
-4602          4727.158
-4542          4727.158
-4482          4727.159
-4422          4727.157
-4362          4727.158
-4302          4727.156
-4242          4727.157
-4182          4727.156
-4122          4727.155
-4062          4727.156
-4002          4727.156
-3942          4727.156
-3882          4727.155
-3822          4727.155
-3762          4727.156
-3702          4727.153
-3642          4727.155
-3582          4727.155
-3522          4727.156
-3462          4727.157
-3402          4727.154
-3342          4727.158
-3282          4727.156
-3222          4727.156
-3162          4727.156
-3102          4727.157
-3042          4727.156
-2982          4727.157
-2922          4727.156
-2862          4727.158
-2802          4727.158
-2742          4727.157
-2682          4727.16
-2622          4727.159
-2562          4727.159
-2502          4727.16
-2442          4727.16
-2382          4727.16
-2322          4727.161
-2262          4727.162
-2202          4727.164
-2142          4727.164
-2082          4727.165
-2022          4727.166
-1962          4727.166
-1902          4727.167
-1842          4727.168
-1782          4727.169
-1722          4727.17
-1662          4727.172
-1602          4727.173
-1542          4727.173
-1482          4727.174
-1422          4727.175
-1362          4727.176
-1302          4727.177
-1242          4727.179
-1182          4727.18
-1122          4727.182
-1062          4727.184
-1002          4727.185
-942           4727.187
-882           4727.187
-822           4727.188
-762           4727.19
-702           4727.191
-642           4727.191
-582           4727.194
-522           4727.195
-462           4727.196
-402           4727.198
-342           4727.2
-282           4727.202
-222           4727.203
-162           4727.205
-102           4727.207
-42            4727.209
18             4727.21
78             4727.212
138            4727.215
198            4727.213
258            4727.213
318            4727.191
333            4727.174
348            4727.158
363            4727.07
378            4727.099
393            4727.127
408            4727.169
423            4727.212
438            4727.212
453            4727.225
468            4727.229
483            4727.274
498            4727.184
513            4727.279
528            4727.272
543            4727.264
558            4727.23
618            4727.224
678            4727.259
738            4727.225
798            4727.237
858            4727.209
918            4727.249
978            4727.268
1038           4727.243
1098           4727.257
1158           4727.242
1218           4727.264
1278           4727.24
1338           4727.254
1398           4727.25
1458           4727.265
1518           4727.281
1578           4727.261
1638           4727.279
1698           4727.27
1758           4727.276
1818           4727.258
1878           4727.305
1938           4727.271
1998           4727.282
2058           4727.299
2118           4727.289
2178           4727.294
2238           4727.292
2298           4727.306
2358           4727.303
2418           4727.3
2478           4727.308
2538           4727.309
2598           4727.323
2658           4727.316
2718           4727.316
2778           4727.326
2838           4727.33
2898           4727.33
2958           4727.325
3018           4727.338
3078           4727.342
3138           4727.343
3198           4727.346
3258           4727.35
3318           4727.347
3378           4727.355
3438           4727.36
3498           4727.366
3558           4727.365
3618           4727.369
3678           4727.376
3738           4727.375
3798           4727.378
3858           4727.379
3918           4727.39
3978           4727.386
4038           4727.394
4098           4727.396
4158           4727.398
4218           4727.404
4278           4727.404
4338           4727.415
4398           4727.413
4458           4727.42
4518           4727.418
4578           4727.422
4638           4727.432
4698           4727.429
4758           4727.439
4818           4727.439
4878           4727.446
4938           4727.449
4998           4727.455
5058           4727.455
5118           4727.461
5178           4727.467
5238           4727.464
5298           4727.468
5358           4727.474
5418           4727.473
5478           4727.477
5538           4727.477
5598           4727.48
5658           4727.485
5718           4727.494
5778           4727.496
5838           4727.506
5898           4727.507
5958           4727.504
6018           4727.507
6078           4727.514
6138           4727.525
6198           4727.53
6258           4727.529
6318           4727.525
6378           4727.533
6438           4727.544
6498           4727.549
6558           4727.551
6618           4727.549
6678           4727.551
6738           4727.56
6798           4727.573
6858           4727.57
6918           4727.57
6978           4727.576
7038           4727.584
7098           4727.588
7158           4727.589
7218           4727.595
7278           4727.599
7338           4727.601
7398           4727.608
7458           4727.611
7518           4727.615
7578           4727.618
7638           4727.623
7698           4727.63
7758           4727.637
7818           4727.636
7878           4727.641
7938           4727.648
7998           4727.65
8058           4727.655
8118           4727.66
8178           4727.665
8238           4727.667
8298           4727.672
8358           4727.677
8418           4727.682
8478           4727.688
8538           4727.691
8598           4727.695
8658           4727.701
8718           4727.705
8778           4727.709
8838           4727.714
8898           4727.72
8958           4727.724
9018           4727.728
9078           4727.732
9138           4727.736
9198           4727.743
9258           4727.746
9318           4727.75
9378           4727.753
9438           4727.76
9498           4727.762
9558           4727.768
9618           4727.771
9678           4727.778
9738           4727.781
9798           4727.784
9858           4727.79
9918           4727.793
9978           4727.799
10038          4727.802
10098          4727.806
10158          4727.808
10218          4727.814
10278          4727.82
10338          4727.823
10398          4727.827
10458          4727.833
10518          4727.838
10578          4727.842
10638          4727.848
10698          4727.851
10758          4727.855
10818          4727.86
10878          4727.864
10938          4727.867
10998          4727.872
11058          4727.878
11118          4727.883
11178          4727.885
11238          4727.89
11298          4727.895
11358          4727.899
11418          4727.905
11478          4727.909
11538          4727.912
11598          4727.917
11658          4727.922
11718          4727.926
11778          4727.932
11838          4727.935
11898          4727.939
11958          4727.942
12018          4727.947
12078          4727.952
12138          4727.955
12198          4727.96
12258          4727.963
12318          4727.967
12378          4727.971
12438          4727.975
12498          4727.98
12558          4727.984
12618          4727.987
12678          4727.991
12738          4727.996
12798          4728.001
12858          4728.005
12918          4728.007
12978          4728.01
13038          4728.014
13098          4728.018
13158          4728.025
13218          4728.029
13278          4728.033
13338          4728.037
13398          4728.041
13458          4728.045
13518          4728.051
13578          4728.054
13638          4728.057
13698          4728.06
13758          4728.063
13818          4728.067
13878          4728.071
13938          4728.073
13998          4728.077
14058          4728.081
14118          4728.085
14178          4728.089
14238          4728.091
14298          4728.096
14358          4728.1
14418          4728.102
14478          4728.107
14538          4728.109
14598          4728.112
14658          4728.115
14718          4728.117
14778          4728.121
14838          4728.126
14898          4728.13
14958          4728.132
15018          4728.134
15078          4728.137
15138          4728.142
15198          4728.144
15258          4728.146
15318          4728.148
15378          4728.153
15438          4728.156
15498          4728.159
15558          4728.161
15618          4728.165
15678          4728.167
15738          4728.17
15798          4728.175
15858          4728.178
15918          4728.18
15978          4728.182
16038          4728.184
16998          4728.221
17898          4728.253
18798          4728.279
19698          4728.294
20598          4728.299
21498          4728.306
22398          4728.3
23298          4728.292
24198          4728.276
25098          4728.256
25998          4728.232
26898          4728.203
27798          4728.17
28698          4728.13
29598          4728.089
30498          4728.046
31398          4728.002
32298          4727.952
33198          4727.91
34098          4727.868
34998          4727.821
35898          4727.782
36798          4727.742
37698          4727.71
38598          4727.676
39498          4727.648
40398          4727.626
41298          4727.609
42198          4727.598
43098          4727.591
43998          4727.589
44898          4727.588
45798          4727.595
46698          4727.603
47598          4727.618
48498          4727.634
49398          4727.654
50298          4727.678
51198          4727.7
