-97448         4189.57
-96548         4189.452
-95648         4189.34
-94748         4189.241
-93848         4189.154
-92948         4189.079
-92048         4189.021
-91148         4188.977
-90248         4188.951
-89348         4188.942
-88448         4188.946
-87548         4188.967
-86648         4189.004
-85748         4189.054
-84848         4189.12
-83948         4189.196
-83048         4189.287
-82148         4189.388
-81248         4189.496
-80348         4189.611
-79448         4189.73
-78548         4189.854
-77648         4189.975
-76748         4190.097
-75848         4190.213
-74948         4190.33
-74048         4190.436
-73148         4190.532
-72248         4190.621
-71348         4190.699
-70448         4190.764
-69548         4190.818
-68648         4190.856
-67748         4190.879
-66848         4190.885
-65948         4190.877
-65048         4190.855
-64148         4190.817
-63248         4190.768
-62348         4190.701
-61448         4190.627
-60548         4190.542
-59648         4190.447
-58748         4190.345
-57848         4190.241
-56948         4190.132
-56048         4190.022
-55148         4189.914
-54248         4189.808
-53348         4189.708
-52448         4189.614
-51548         4189.528
-50648         4189.453
-49748         4189.391
-48848         4189.338
-47948         4189.302
-47048         4189.279
-46148         4189.275
-45248         4189.283
-44348         4189.308
-43448         4189.349
-42548         4189.406
-41648         4189.475
-40748         4189.559
-39848         4189.654
-38948         4189.758
-38048         4189.871
-37148         4189.99
-36248         4190.114
-35348         4190.243
-34448         4190.372
-33548         4190.502
-32648         4190.625
-31748         4190.744
-30848         4190.859
-29948         4190.962
-29048         4191.054
-28148         4191.136
-27248         4191.202
-26348         4191.253
-25448         4191.287
-24548         4191.306
-23648         4191.307
-22748         4191.29
-21848         4191.255
-20948         4191.202
-20048         4191.133
-19148         4191.051
-18248         4190.951
-17348         4190.839
-16448         4190.716
-15548         4190.581
-14648         4190.438
-13748         4190.288
-12848         4190.132
-11948         4189.977
-11048         4189.82
-10148         4189.668
-9248          4189.522
-8348          4189.387
-7448          4189.258
-6548          4189.14
-5648          4189.038
-4748          4188.949
-3848          4188.873
-3788          4188.869
-3728          4188.865
-3668          4188.861
-3608          4188.857
-3548          4188.854
-3488          4188.85
-3428          4188.847
-3368          4188.842
-3308          4188.839
-3248          4188.836
-3188          4188.833
-3128          4188.829
-3068          4188.826
-3008          4188.823
-2948          4188.819
-2888          4188.816
-2828          4188.813
-2768          4188.809
-2708          4188.806
-2648          4188.805
-2588          4188.802
-2528          4188.799
-2468          4188.797
-2408          4188.794
-2348          4188.792
-2288          4188.79
-2228          4188.788
-2168          4188.786
-2108          4188.784
-2048          4188.782
-1988          4188.78
-1928          4188.779
-1868          4188.776
-1808          4188.775
-1748          4188.773
-1688          4188.77
-1628          4188.769
-1568          4188.768
-1508          4188.766
-1448          4188.765
-1388          4188.764
-1328          4188.762
-1268          4188.761
-1208          4188.76
-1148          4188.758
-1088          4188.759
-1028          4188.758
-968           4188.757
-908           4188.757
-848           4188.757
-788           4188.756
-728           4188.757
-668           4188.756
-608           4188.756
-548           4188.756
-488           4188.756
-428           4188.756
-368           4188.755
-308           4188.755
-248           4188.756
-188           4188.757
-128           4188.757
-68            4188.757
-8             4188.759
52             4188.759
112            4188.76
172            4188.762
232            4188.761
292            4188.757
307            4188.785
322            4188.749
337            4188.735
352            4188.797
367            4188.753
382            4188.796
397            4188.758
412            4188.79
427            4188.703
442            4188.798
457            4188.729
472            4188.763
487            4188.806
502            4188.758
517            4188.765
532            4188.782
592            4188.781
652            4188.773
712            4188.769
772            4188.76
832            4188.782
892            4188.81
952            4188.75
1012           4188.769
1072           4188.8
1132           4188.773
1192           4188.755
1252           4188.843
1312           4188.775
1372           4188.775
1432           4188.832
1492           4188.796
1552           4188.784
1612           4188.809
1672           4188.792
1732           4188.817
1792           4188.812
1852           4188.82
1912           4188.811
1972           4188.836
2032           4188.824
2092           4188.828
2152           4188.832
2212           4188.825
2272           4188.848
2332           4188.842
2392           4188.85
2452           4188.842
2512           4188.862
2572           4188.855
2632           4188.862
2692           4188.864
2752           4188.868
2812           4188.881
2872           4188.873
2932           4188.884
2992           4188.89
3052           4188.891
3112           4188.9
3172           4188.898
3232           4188.911
3292           4188.908
3352           4188.916
3412           4188.922
3472           4188.929
3532           4188.928
3592           4188.939
3652           4188.939
3712           4188.946
3772           4188.953
3832           4188.959
3892           4188.966
3952           4188.967
4012           4188.977
4072           4188.979
4132           4188.985
4192           4188.991
4252           4188.998
4312           4189.0
4372           4189.007
4432           4189.015
4492           4189.02
4552           4189.025
4612           4189.033
4672           4189.04
4732           4189.044
4792           4189.052
4852           4189.059
4912           4189.065
4972           4189.072
5032           4189.077
5092           4189.084
5152           4189.093
5212           4189.099
5272           4189.106
5332           4189.113
5392           4189.119
5452           4189.126
5512           4189.133
5572           4189.139
5632           4189.148
5692           4189.157
5752           4189.167
5812           4189.181
5872           4189.195
5932           4189.209
5992           4189.223
6052           4189.228
6112           4189.226
6172           4189.229
6232           4189.235
6292           4189.246
6352           4189.26
6412           4189.269
6472           4189.272
6532           4189.275
6592           4189.272
6652           4189.265
6712           4189.267
6772           4189.276
6832           4189.288
6892           4189.296
6952           4189.3
7012           4189.311
7072           4189.318
7132           4189.32
7192           4189.329
7252           4189.345
7312           4189.36
7372           4189.373
7432           4189.378
7492           4189.379
7552           4189.391
7612           4189.402
7672           4189.411
7732           4189.42
7792           4189.429
7852           4189.438
7912           4189.446
7972           4189.455
8032           4189.465
8092           4189.474
8152           4189.489
8212           4189.503
8272           4189.501
8332           4189.512
8392           4189.528
8452           4189.536
8512           4189.55
8572           4189.553
8632           4189.555
8692           4189.568
8752           4189.58
8812           4189.585
8872           4189.593
8932           4189.607
8992           4189.613
9052           4189.621
9112           4189.622
9172           4189.631
9232           4189.642
9292           4189.652
9352           4189.665
9412           4189.666
9472           4189.675
9532           4189.679
9592           4189.688
9652           4189.695
9712           4189.703
9772           4189.715
9832           4189.725
9892           4189.738
9952           4189.747
10012          4189.75
10072          4189.762
10132          4189.773
10192          4189.785
10252          4189.793
10312          4189.804
10372          4189.812
10432          4189.817
10492          4189.825
10552          4189.84
10612          4189.845
10672          4189.852
10732          4189.867
10792          4189.877
10852          4189.885
10912          4189.894
10972          4189.903
11032          4189.91
11092          4189.921
11152          4189.929
11212          4189.94
11272          4189.948
11332          4189.958
11392          4189.965
11452          4189.977
11512          4189.99
11572          4189.997
11632          4190.008
11692          4190.017
11752          4190.027
11812          4190.037
11872          4190.043
11932          4190.053
11992          4190.061
12052          4190.068
12112          4190.076
12172          4190.083
12232          4190.091
12292          4190.098
12352          4190.106
12412          4190.115
12472          4190.123
12532          4190.132
12592          4190.141
12652          4190.151
12712          4190.156
12772          4190.166
12832          4190.176
12892          4190.187
12952          4190.196
13012          4190.205
13072          4190.215
13132          4190.221
13192          4190.231
13252          4190.239
13312          4190.248
13372          4190.256
13432          4190.266
13492          4190.275
13552          4190.282
13612          4190.292
13672          4190.297
13732          4190.304
13792          4190.313
13852          4190.322
13912          4190.329
13972          4190.337
14032          4190.346
14092          4190.355
14152          4190.364
14212          4190.37
14272          4190.378
14332          4190.386
14392          4190.394
14452          4190.402
14512          4190.41
14572          4190.417
14632          4190.424
14692          4190.43
14752          4190.437
14812          4190.447
14872          4190.454
14932          4190.461
14992          4190.467
15052          4190.473
15112          4190.482
15172          4190.49
15232          4190.496
15292          4190.499
15352          4190.506
15412          4190.515
15472          4190.523
15532          4190.531
15592          4190.538
15652          4190.542
15712          4190.548
15772          4190.558
15832          4190.566
15892          4190.574
15952          4190.581
16012          4190.589
16072          4190.597
16132          4190.605
16192          4190.614
16252          4190.619
16312          4190.625
16372          4190.631
16432          4190.639
16492          4190.645
16552          4190.65
16612          4190.655
16672          4190.661
16732          4190.667
16792          4190.672
16852          4190.677
16912          4190.681
16972          4190.688
17032          4190.694
17092          4190.7
17152          4190.706
17212          4190.712
17272          4190.716
17332          4190.719
17392          4190.722
17452          4190.731
17512          4190.738
17572          4190.744
17632          4190.749
17692          4190.753
18652          4190.828
19552          4190.89
20452          4190.921
21352          4190.946
22252          4190.951
23152          4190.947
24052          4190.916
24952          4190.88
25852          4190.826
26752          4190.754
27652          4190.678
28552          4190.593
29452          4190.497
30352          4190.395
31252          4190.286
32152          4190.168
33052          4190.056
33952          4189.953
34852          4189.846
35752          4189.745
36652          4189.658
37552          4189.57
38452          4189.499
39352          4189.45
40252          4189.402
41152          4189.371
42052          4189.363
42952          4189.363
43852          4189.39
44752          4189.413
45652          4189.466
46552          4189.527
47452          4189.606
48352          4189.697
49252          4189.793
50152          4189.906
51052          4190.022
51952          4190.15
52852          4190.278
53752          4190.411
54652          4190.545
55552          4190.669
56452          4190.795
57352          4190.911
58252          4191.015
59152          4191.105
60052          4191.192
60952          4191.258
61852          4191.317
62752          4191.355
63652          4191.371
64552          4191.377
65452          4191.359
66352          4191.323
67252          4191.272
68152          4191.202
69052          4191.113
69952          4191.015
70852          4190.895
71752          4190.769
72652          4190.624
73552          4190.476
74452          4190.317
