-97448         3266.168
-96548         3266.179
-95648         3266.196
-94748         3266.22
-93848         3266.251
-92948         3266.296
-92048         3266.353
-91148         3266.426
-90248         3266.503
-89348         3266.58
-88448         3266.661
-87548         3266.744
-86648         3266.826
-85748         3266.915
-84848         3267.003
-83948         3267.09
-83048         3267.176
-82148         3267.256
-81248         3267.33
-80348         3267.393
-79448         3267.451
-78548         3267.501
-77648         3267.538
-76748         3267.566
-75848         3267.581
-74948         3267.589
-74048         3267.585
-73148         3267.57
-72248         3267.544
-71348         3267.508
-70448         3267.461
-69548         3267.407
-68648         3267.347
-67748         3267.279
-66848         3267.208
-65948         3267.134
-65048         3267.053
-64148         3266.974
-63248         3266.899
-62348         3266.825
-61448         3266.754
-60548         3266.689
-59648         3266.63
-58748         3266.579
-57848         3266.535
-56948         3266.503
-56048         3266.48
-55148         3266.466
-54248         3266.463
-53348         3266.47
-52448         3266.489
-51548         3266.521
-50648         3266.559
-49748         3266.612
-48848         3266.67
-47948         3266.738
-47048         3266.814
-46148         3266.896
-45248         3266.985
-44348         3267.075
-43448         3267.168
-42548         3267.258
-41648         3267.352
-40748         3267.443
-39848         3267.528
-38948         3267.611
-38048         3267.685
-37148         3267.75
-36248         3267.809
-35348         3267.859
-34448         3267.896
-33548         3267.924
-32648         3267.94
-31748         3267.942
-30848         3267.932
-29948         3267.911
-29048         3267.873
-28148         3267.825
-27248         3267.765
-26348         3267.691
-25448         3267.609
-24548         3267.518
-23648         3267.415
-22748         3267.31
-21848         3267.199
-20948         3267.089
-20048         3266.973
-19148         3266.86
-18248         3266.747
-17348         3266.637
-16448         3266.534
-15548         3266.438
-14648         3266.349
-13748         3266.27
-12848         3266.2
-11948         3266.139
-11048         3266.09
-10148         3266.06
-9248          3266.04
-8348          3266.032
-7448          3266.039
-6548          3266.061
-5648          3266.093
-4748          3266.135
-3848          3266.192
-3788          3266.195
-3728          3266.199
-3668          3266.204
-3608          3266.207
-3548          3266.211
-3488          3266.215
-3428          3266.219
-3368          3266.224
-3308          3266.228
-3248          3266.233
-3188          3266.236
-3128          3266.241
-3068          3266.245
-3008          3266.251
-2948          3266.254
-2888          3266.26
-2828          3266.264
-2768          3266.27
-2708          3266.273
-2648          3266.279
-2588          3266.281
-2528          3266.287
-2468          3266.291
-2408          3266.297
-2348          3266.301
-2288          3266.306
-2228          3266.312
-2168          3266.319
-2108          3266.323
-2048          3266.328
-1988          3266.333
-1928          3266.338
-1868          3266.344
-1808          3266.349
-1748          3266.355
-1688          3266.36
-1628          3266.365
-1568          3266.371
-1508          3266.376
-1448          3266.381
-1388          3266.388
-1328          3266.393
-1268          3266.4
-1208          3266.405
-1148          3266.41
-1088          3266.416
-1028          3266.423
-968           3266.428
-908           3266.434
-848           3266.439
-788           3266.446
-728           3266.45
-668           3266.455
-608           3266.462
-548           3266.468
-488           3266.475
-428           3266.48
-368           3266.486
-308           3266.492
-248           3266.498
-188           3266.504
-128           3266.51
-68            3266.516
-8             3266.522
52             3266.528
112            3266.534
172            3266.54
232            3266.547
292            3266.544
307            3266.554
322            3266.504
337            3266.582
352            3266.606
367            3266.625
382            3266.644
397            3266.691
412            3266.738
427            3266.74
442            3266.743
457            3266.422
472            3266.633
487            3266.599
502            3266.609
517            3266.618
532            3266.568
592            3266.592
652            3266.591
712            3266.579
772            3266.605
832            3266.612
892            3266.614
952            3266.633
1012           3266.616
1072           3266.628
1132           3266.647
1192           3266.644
1252           3266.654
1312           3266.656
1372           3266.674
1432           3266.668
1492           3266.685
1552           3266.684
1612           3266.691
1672           3266.698
1732           3266.704
1792           3266.714
1852           3266.72
1912           3266.72
1972           3266.737
2032           3266.736
2092           3266.741
2152           3266.756
2212           3266.754
2272           3266.767
2332           3266.774
2392           3266.773
2452           3266.788
2512           3266.793
2572           3266.797
2632           3266.805
2692           3266.808
2752           3266.821
2812           3266.824
2872           3266.83
2932           3266.839
2992           3266.846
3052           3266.849
3112           3266.862
3172           3266.866
3232           3266.87
3292           3266.877
3352           3266.885
3412           3266.891
3472           3266.9
3532           3266.905
3592           3266.912
3652           3266.921
3712           3266.924
3772           3266.933
3832           3266.939
3892           3266.946
3952           3266.95
4012           3266.959
4072           3266.967
4132           3266.971
4192           3266.98
4252           3266.985
4312           3266.991
4372           3266.997
4432           3267.006
4492           3267.011
4552           3267.019
4612           3267.024
4672           3267.033
4732           3267.038
4792           3267.043
4852           3267.051
4912           3267.058
4972           3267.062
5032           3267.07
5092           3267.076
5152           3267.08
5212           3267.087
5272           3267.094
5332           3267.1
5392           3267.104
5452           3267.114
5512           3267.12
5572           3267.125
5632           3267.132
5692           3267.138
5752           3267.143
5812           3267.15
5872           3267.156
5932           3267.161
5992           3267.168
6052           3267.173
6112           3267.18
6172           3267.186
6232           3267.191
6292           3267.199
6352           3267.205
6412           3267.214
6472           3267.225
6532           3267.241
6592           3267.262
6652           3267.287
6712           3267.308
6772           3267.315
6832           3267.305
6892           3267.281
6952           3267.261
7012           3267.251
7072           3267.252
7132           3267.263
7192           3267.275
7252           3267.284
7312           3267.283
7372           3267.278
7432           3267.283
7492           3267.285
7552           3267.272
7612           3267.263
7672           3267.282
7732           3267.311
7792           3267.331
7852           3267.352
7912           3267.36
7972           3267.349
8032           3267.352
8092           3267.377
8152           3267.395
8212           3267.392
8272           3267.374
8332           3267.366
8392           3267.381
8452           3267.388
8512           3267.388
8572           3267.414
8632           3267.425
8692           3267.41
8752           3267.414
8812           3267.42
8872           3267.419
8932           3267.425
8992           3267.434
9052           3267.436
9112           3267.444
9172           3267.461
9232           3267.446
9292           3267.45
9352           3267.458
9412           3267.453
9472           3267.47
9532           3267.471
9592           3267.474
9652           3267.479
9712           3267.479
9772           3267.486
9832           3267.485
9892           3267.495
9952           3267.492
10012          3267.497
10072          3267.498
10132          3267.504
10192          3267.514
10252          3267.515
10312          3267.513
10372          3267.517
10432          3267.526
10492          3267.53
10552          3267.535
10612          3267.539
10672          3267.539
10732          3267.549
10792          3267.547
10852          3267.557
10912          3267.557
10972          3267.558
11032          3267.56
11092          3267.56
11152          3267.565
11212          3267.568
11272          3267.569
11332          3267.58
11392          3267.578
11452          3267.581
11512          3267.582
11572          3267.591
11632          3267.588
11692          3267.587
11752          3267.587
11812          3267.583
11872          3267.585
11932          3267.592
11992          3267.595
12052          3267.598
12112          3267.599
12172          3267.599
12232          3267.603
12292          3267.6
12352          3267.603
12412          3267.608
12472          3267.609
12532          3267.608
12592          3267.609
12652          3267.613
12712          3267.614
12772          3267.615
12832          3267.618
12892          3267.622
12952          3267.626
13012          3267.634
13072          3267.635
13132          3267.634
13192          3267.633
13252          3267.635
13312          3267.632
13372          3267.631
13432          3267.628
13492          3267.63
13552          3267.634
13612          3267.635
13672          3267.634
13732          3267.633
13792          3267.633
13852          3267.631
13912          3267.628
13972          3267.63
14032          3267.631
14092          3267.634
14152          3267.64
14212          3267.641
14272          3267.64
14332          3267.642
14392          3267.643
14452          3267.643
14512          3267.645
14572          3267.641
14632          3267.64
14692          3267.636
14752          3267.633
14812          3267.637
14872          3267.636
14932          3267.637
14992          3267.64
15052          3267.641
15112          3267.641
15172          3267.64
15232          3267.638
15292          3267.633
15352          3267.634
15412          3267.635
15472          3267.632
15532          3267.636
15592          3267.639
15652          3267.638
15712          3267.638
15772          3267.634
15832          3267.631
15892          3267.628
15952          3267.63
16012          3267.627
16072          3267.625
16132          3267.625
16192          3267.624
16252          3267.62
16312          3267.619
16372          3267.616
16432          3267.613
16492          3267.61
16552          3267.607
16612          3267.604
16672          3267.603
16732          3267.601
16792          3267.604
16852          3267.602
16912          3267.6
16972          3267.603
17032          3267.601
17092          3267.599
17152          3267.598
17212          3267.593
17272          3267.589
17332          3267.591
17392          3267.593
17452          3267.59
17512          3267.586
17572          3267.58
17632          3267.575
17692          3267.571
17752          3267.568
17812          3267.565
17872          3267.561
17932          3267.556
17992          3267.554
18052          3267.553
18112          3267.551
18172          3267.549
18232          3267.548
18292          3267.547
18352          3267.546
18412          3267.545
18472          3267.543
18532          3267.538
18592          3267.532
18652          3267.528
18712          3267.526
18772          3267.523
18832          3267.517
18892          3267.512
18952          3267.51
19012          3267.507
19072          3267.501
19132          3267.495
19192          3267.485
19252          3267.479
19312          3267.478
19372          3267.477
19432          3267.473
19492          3267.468
19552          3267.464
19612          3267.459
19672          3267.456
19732          3267.453
19792          3267.447
19852          3267.442
19912          3267.438
19972          3267.434
20032          3267.431
20092          3267.428
20152          3267.427
20212          3267.424
20272          3267.421
20332          3267.418
20392          3267.416
20452          3267.411
20512          3267.406
20572          3267.402
20632          3267.395
20692          3267.392
20752          3267.391
20812          3267.387
20872          3267.382
20932          3267.374
20992          3267.369
21052          3267.366
21112          3267.362
21172          3267.36
21232          3267.356
21292          3267.351
22252          3267.279
23152          3267.196
24052          3267.126
24952          3267.048
25852          3266.981
26752          3266.9
27652          3266.836
28552          3266.774
29452          3266.712
30352          3266.666
31252          3266.622
32152          3266.591
33052          3266.573
33952          3266.557
34852          3266.558
35752          3266.569
36652          3266.591
37552          3266.632
38452          3266.661
39352          3266.729
40252          3266.779
41152          3266.857
42052          3266.929
42952          3267.018
43852          3267.106
44752          3267.195
45652          3267.287
46552          3267.381
47452          3267.467
48352          3267.553
49252          3267.642
50152          3267.719
51052          3267.785
51952          3267.841
52852          3267.898
53752          3267.935
54652          3267.971
55552          3267.986
56452          3267.987
57352          3267.979
58252          3267.959
59152          3267.921
60052          3267.872
60952          3267.812
61852          3267.741
62752          3267.654
63652          3267.56
64552          3267.457
65452          3267.347
66352          3267.233
67252          3267.116
68152          3266.997
69052          3266.877
69952          3266.754
70852          3266.646
71752          3266.525
72652          3266.426
73552          3266.325
74452          3266.229
