-34302 0.00069859
-33402 -0.0027619
-32502 0.0027485
-31602 0.00052299
-30702 5.4884e-05
-29802 -0.0012685
-28902 -0.001524
-28002 -0.00084438
-27102 0.0012915
-26202 0.0015374
-25302 0.0018416
-24402 0.00038344
-23502 -0.00058917
-22602 -0.0029212
-21702 -0.00065685
-20802 -7.502e-05
-19902 0.00033405
-19002 -0.0010727
-18102 0.00097709
-17202 -0.00027162
-16302 0.0034351
-15402 0.0013718
-14502 -0.0011744
-13602 0.0010773
-12702 -0.00061947
-11802 -0.0010524
-10902 -0.0010511
-10002 -0.0034742
-9102 -0.0011815
-8202 0.0010025
-7302 -0.0016708
-6402 -0.00083558
-5502 1.9176e-05
-5442 8.569e-05
-5382 0.0001196
-5322 0.00012084
-5262 -0.00091065
-5202 0.0010251
-5142 -7.2072e-05
-5082 0.00079789
-5022 -0.00036509
-4962 -0.00056108
-4902 -0.0007901
-4842 -5.2203e-05
-4782 -0.00034742
-4722 -0.00067579
-4662 0.00096266
-4602 -0.0014321
-4542 -0.00086007
-4482 0.0006787
-4422 -0.0008158
-4362 0.00065642
-4302 -0.00090465
-4242 0.00050099
-4182 -0.00012668
-4122 -0.00078766
-4062 0.00051806
-4002 0.00079048
-3942 0.0010296
-3882 0.00023546
-3822 0.00040804
-3762 0.0015474
-3702 -0.0013465
-3642 0.00072635
-3582 0.00076605
-3522 0.0017726
-3462 0.002746
-3402 -0.0003137
-3342 0.0035935
-3282 0.0014678
-3222 0.001309
-3162 0.0011173
-3102 0.0018927
-3042 0.00063526
-2982 0.001345
-2922 2.2022e-05
-2862 0.0016663
-2802 0.001278
-2742 -0.00014286
-2682 0.0024037
-2622 0.00091789
-2562 0.00039965
-2502 0.0008491
-2442 0.00026631
-2382 -0.00034866
-2322 4.2706e-06
-2262 0.00032518
-2202 0.0016141
-2142 0.00087123
-2082 0.0010965
-2022 0.0012901
-1962 0.00045213
-1902 0.00058259
-1842 0.0006816
-1782 0.00074926
-1722 0.00078565
-1662 0.0017909
-1602 0.001765
-1542 0.00070817
-1482 0.00062044
-1422 0.00050192
-1362 0.00035272
-1302 0.00017292
-1242 0.00096264
-1182 0.00072198
-1122 0.001451
-1062 0.0021499
-1002 0.0018187
-942 0.0024576
-882 0.0010666
-822 0.00064579
-762 0.0011954
-702 0.00071548
-642 -0.00079385
-582 0.00066751
-522 9.9683e-05
-462 -0.00049722
-402 -0.00012308
-342 0.0002222
-282 0.00053876
-222 -0.0001733
-162 8.6149e-05
-102 0.00031721
-42 0.00052001
18 -0.00030533
78 -0.0001587
138 0.00096002
198 -0.002949
258 -0.0048858
318 -0.02885
333 -0.046345
348 -0.062842
363 -0.15134
378 -0.12284
393 -0.095344
408 -0.053848
423 -0.011353
438 -0.011861
453 0.00063022
468 0.0041195
483 0.048607
498 -0.041907
513 0.052577
528 0.04506
543 0.036541
558 0.0020198
618 -0.0060804
678 0.026793
738 -0.0093611
798 0.00045857
858 -0.029748
918 0.0080188
978 0.02476
1038 -0.0025258
1098 0.0091629
1158 -0.0081743
1218 0.011463
1278 -0.014926
1338 -0.0033395
1398 -0.0097787
1458 0.0027568
1518 0.016267
1578 -0.0062472
1638 0.0092135
1698 -0.0023506
1758 0.0010608
1818 -0.019552
1878 0.02481
1938 -0.011851
1998 -0.0035372
2058 0.010753
2118 -0.0019805
2178 0.00026224
2238 -0.0045186
2298 0.0066771
2358 0.00084943
2418 -0.0050014
2478 0.00012464
2538 -0.0017722
2598 0.009308
2658 -0.00063437
2718 -0.0035993
2778 0.0034132
2838 0.0044035
2898 0.0013716
2958 -0.0066824
3018 0.0032417
3078 0.004144
3138 0.0020246
3198 0.0018837
3258 0.0027214
3318 -0.0034622
3378 0.001333
3438 0.0031073
3498 0.0058606
3558 0.0015933
3618 0.0023053
3678 0.0059968
3738 0.001668
3798 0.001319
3858 -0.0010501
3918 0.0065609
3978 -0.00084794
4038 0.0037236
4098 0.0022756
4158 0.00080823
4218 0.0033216
4278 -0.00018407
4338 0.0072913
4398 0.0017478
4458 0.0051857
4518 -0.00039495
4578 6.039e-06
4638 0.0063888
4698 -0.00024651
4758 0.0061003
4818 0.0024292
4878 0.0057406
4938 0.0050345
4998 0.0073111
5058 0.0035705
5118 0.0058129
5178 0.0080385
5238 0.0012474
5298 0.0014398
5358 0.0036158
5418 -0.0012244
5478 -0.0010806
5538 -0.0049527
5598 -0.0058404
5658 -0.0047437
5718 0.00033764
5778 -0.0015962
5838 0.004455
5898 0.0014913
5958 -0.005487
6018 -0.0064798
6078 -0.0034869
6138 0.003492
6198 0.0044569
6258 -0.00059198
6318 -0.0086544
6378 -0.0047301
6438 0.002181
6498 0.0030791
6558 0.00096445
6618 -0.0051628
6678 -0.0073024
6738 -0.0024542
6798 0.0063821
6858 -0.00079343
6918 -0.0049805
6978 -0.0031789
7038 0.0006115
7098 0.00039102
7158 -0.0028402
7218 -0.0010819
7278 -0.0013338
7338 -0.0035958
7398 -0.00086764
7458 -0.0021491
7518 -0.0024399
7578 -0.0037398
7638 -0.0030486
7698 -0.00036616
7758 0.0023079
7818 -0.0030263
7878 -0.0023684
7938 0.00028177
7998 -0.0020755
8058 -0.0014401
8118 -0.00081157
8178 -0.00018981
8238 -0.0025745
8298 -0.0019654
8358 -0.0013623
8418 -0.00076493
8478 0.00082704
8538 -0.00058618
8598 -0.0010043
8658 0.00057292
8718 0.00014576
8778 -0.00028551
8838 0.00027939
8898 0.0018407
8958 0.0013988
9018 0.00095382
9078 0.00050613
9138 5.5999e-05
9198 0.0026037
9258 0.0011495
9318 0.00069376
9378 -0.00076331
9438 0.0017786
9498 -0.0006802
9558 0.00086057
9618 -0.0005988
9678 0.001942
9738 0.00048325
9798 -0.00097473
9858 0.00056834
9918 -0.00088723
9978 0.00065887
10038 -0.00079306
10098 -0.0012427
10158 -0.0036898
10218 -0.002134
10278 -0.00057499
10338 -0.0020125
10398 -0.0024461
10458 -0.00087569
10518 -0.00030078
10578 -0.00072112
10638 0.00086361
10698 -0.00054628
10758 -0.00095046
10818 -0.00034863
10878 -0.00074046
10938 -0.0021256
10998 -0.0015039
11058 0.00012522
11118 0.0007619
11178 -0.0015935
11238 -0.00094064
11298 -0.00027922
11358 -0.00060892
11418 0.0010706
11478 0.0007596
11538 -0.00054153
11598 0.0001675
11658 0.000887
11718 0.00061731
11778 0.0023587
11838 0.0011116
11898 0.0008762
11958 -0.00034711
12018 0.00044196
12078 0.0012437
12138 5.8518e-05
12198 0.00088664
12258 -0.00027159
12318 -0.00041586
12378 -0.00054586
12438 -0.00066128
12498 0.00023819
12558 0.00015287
12618 -0.00091695
12678 -0.00097096
12738 -8.8418e-06
12798 0.00096969
12858 0.00096495
12918 -0.0010228
12978 -0.0019932
13038 -0.0019459
13098 -0.0018808
13158 0.0012026
13218 0.0013044
13278 0.0014251
13338 0.0015648
13398 0.0017239
13458 0.0019026
13518 0.0041013
13578 0.0033201
13638 0.0025595
13698 0.0018196
13758 0.0011008
13818 0.0014032
13878 0.0017273
13938 7.3148e-05
13998 0.00044111
14058 0.00083144
14118 0.0012444
14178 0.0016802
14238 0.00013912
14298 0.0016214
14358 0.0021273
14418 0.0006571
14478 0.002211
14538 0.00078917
14598 0.00039194
14658 1.9509e-05
14718 -0.0013279
14778 -0.00065006
14838 0.0010532
14898 0.0017822
14958 0.00053714
15018 -0.00068186
15078 -0.00087454
15138 0.00095931
15198 -0.00018013
15258 -0.0012926
15318 -0.0023781
15378 -0.00043617
15438 -0.00046679
15498 -0.00046974
15558 -0.0014449
15618 -0.00039194
15678 -0.0013108
15738 -0.0012014
15798 0.0009366
15858 0.0011033
15918 0.00029876
15978 -0.00047675
16038 -0.0012231
16998 -0.004097
17898 -0.0022839
18798 0.00066946
19698 -0.00024897
20598 -0.0042063
21498 0.00051118
22398 -0.0014611
23298 0.00047247
24198 -0.00010011
25098 0.00042227
25998 0.0016607
26898 0.0022485
27798 0.0028121
28698 -5.7706e-05
29598 -0.00083452
30498 -0.0010818
31398 -0.000466
32298 -0.0047541
33198 -0.00079208
34098 0.0025326
34998 -0.00065854
35898 0.0018177
36798 0.00025346
37698 0.00308
38598 -0.00012424
39498 -0.0016502
40398 -0.0016916
41298 -0.0013826
42198 0.00017792
43098 0.00093194
43998 0.0019037
44898 -0.00074008
45798 0.00034711
46698 -0.0013614
47598 0.00053899
48498 8.8065e-05
49398 -0.00011628
50298 0.00013975
51198 -5.4426e-05
