-97448         3727.305
-96548         3727.178
-95648         3727.063
-94748         3726.964
-93848         3726.88
-92948         3726.809
-92048         3726.757
-91148         3726.727
-90248         3726.711
-89348         3726.714
-88448         3726.736
-87548         3726.773
-86648         3726.833
-85748         3726.905
-84848         3726.993
-83948         3727.093
-83048         3727.206
-82148         3727.327
-81248         3727.459
-80348         3727.595
-79448         3727.736
-78548         3727.875
-77648         3728.016
-76748         3728.154
-75848         3728.283
-74948         3728.407
-74048         3728.52
-73148         3728.623
-72248         3728.711
-71348         3728.786
-70448         3728.846
-69548         3728.889
-68648         3728.916
-67748         3728.926
-66848         3728.917
-65948         3728.892
-65048         3728.848
-64148         3728.788
-63248         3728.718
-62348         3728.632
-61448         3728.535
-60548         3728.428
-59648         3728.315
-58748         3728.194
-57848         3728.07
-56948         3727.944
-56048         3727.818
-55148         3727.695
-54248         3727.578
-53348         3727.466
-52448         3727.363
-51548         3727.272
-50648         3727.194
-49748         3727.131
-48848         3727.085
-47948         3727.056
-47048         3727.043
-46148         3727.051
-45248         3727.078
-44348         3727.122
-43448         3727.183
-42548         3727.26
-41648         3727.35
-40748         3727.456
-39848         3727.573
-38948         3727.699
-38048         3727.835
-37148         3727.98
-36248         3728.126
-35348         3728.275
-34448         3728.423
-33548         3728.566
-32648         3728.708
-31748         3728.839
-30848         3728.958
-29948         3729.069
-29048         3729.165
-28148         3729.246
-27248         3729.306
-26348         3729.351
-25448         3729.375
-24548         3729.379
-23648         3729.364
-22748         3729.329
-21848         3729.278
-20948         3729.203
-20048         3729.113
-19148         3729.004
-18248         3728.882
-17348         3728.744
-16448         3728.594
-15548         3728.434
-14648         3728.269
-13748         3728.098
-12848         3727.922
-11948         3727.746
-11048         3727.572
-10148         3727.406
-9248          3727.246
-8348          3727.098
-7448          3726.965
-6548          3726.846
-5648          3726.743
-4748          3726.657
-3848          3726.587
-3788          3726.583
-3728          3726.579
-3668          3726.575
-3608          3726.571
-3548          3726.568
-3488          3726.563
-3428          3726.561
-3368          3726.557
-3308          3726.553
-3248          3726.551
-3188          3726.549
-3128          3726.547
-3068          3726.543
-3008          3726.54
-2948          3726.538
-2888          3726.536
-2828          3726.534
-2768          3726.531
-2708          3726.529
-2648          3726.528
-2588          3726.525
-2528          3726.523
-2468          3726.522
-2408          3726.52
-2348          3726.518
-2288          3726.517
-2228          3726.515
-2168          3726.514
-2108          3726.512
-2048          3726.511
-1988          3726.51
-1928          3726.509
-1868          3726.507
-1808          3726.506
-1748          3726.506
-1688          3726.506
-1628          3726.505
-1568          3726.505
-1508          3726.504
-1448          3726.504
-1388          3726.504
-1328          3726.504
-1268          3726.503
-1208          3726.504
-1148          3726.503
-1088          3726.504
-1028          3726.504
-968           3726.504
-908           3726.505
-848           3726.506
-788           3726.507
-728           3726.507
-668           3726.508
-608           3726.51
-548           3726.51
-488           3726.512
-428           3726.513
-368           3726.514
-308           3726.515
-248           3726.517
-188           3726.517
-128           3726.52
-68            3726.523
-8             3726.525
52             3726.527
112            3726.529
172            3726.531
232            3726.53
292            3726.537
307            3726.566
322            3726.535
337            3726.504
352            3726.544
367            3726.522
382            3726.59
397            3726.556
412            3726.516
427            3726.483
442            3726.48
457            3726.478
472            3726.493
487            3726.61
502            3726.625
517            3726.48
532            3726.447
592            3726.522
652            3726.574
712            3726.605
772            3726.535
832            3726.543
892            3726.556
952            3726.504
1012           3726.595
1072           3726.62
1132           3726.539
1192           3726.599
1252           3726.588
1312           3726.561
1372           3726.618
1432           3726.587
1492           3726.618
1552           3726.579
1612           3726.62
1672           3726.608
1732           3726.63
1792           3726.621
1852           3726.618
1912           3726.638
1972           3726.633
2032           3726.645
2092           3726.644
2152           3726.653
2212           3726.656
2272           3726.666
2332           3726.668
2392           3726.67
2452           3726.683
2512           3726.679
2572           3726.688
2632           3726.697
2692           3726.703
2752           3726.703
2812           3726.712
2872           3726.718
2932           3726.726
2992           3726.728
3052           3726.738
3112           3726.743
3172           3726.749
3232           3726.755
3292           3726.762
3352           3726.77
3412           3726.777
3472           3726.783
3532           3726.792
3592           3726.794
3652           3726.806
3712           3726.808
3772           3726.817
3832           3726.825
3892           3726.832
3952           3726.838
4012           3726.847
4072           3726.852
4132           3726.861
4192           3726.869
4252           3726.873
4312           3726.885
4372           3726.892
4432           3726.894
4492           3726.907
4552           3726.913
4612           3726.92
4672           3726.93
4732           3726.937
4792           3726.943
4852           3726.954
4912           3726.961
4972           3726.97
5032           3726.979
5092           3726.991
5152           3727.004
5212           3727.018
5272           3727.035
5332           3727.044
5392           3727.055
5452           3727.063
5512           3727.072
5572           3727.08
5632           3727.088
5692           3727.096
5752           3727.103
5812           3727.112
5872           3727.117
5932           3727.121
5992           3727.124
6052           3727.125
6112           3727.124
6172           3727.128
6232           3727.137
6292           3727.15
6352           3727.166
6412           3727.178
6472           3727.181
6532           3727.189
6592           3727.201
6652           3727.217
6712           3727.229
6772           3727.237
6832           3727.248
6892           3727.262
6952           3727.277
7012           3727.28
7072           3727.277
7132           3727.29
7192           3727.303
7252           3727.313
7312           3727.325
7372           3727.333
7432           3727.346
7492           3727.359
7552           3727.362
7612           3727.368
7672           3727.381
7732           3727.398
7792           3727.41
7852           3727.418
7912           3727.423
7972           3727.434
8032           3727.446
8092           3727.458
8152           3727.465
8212           3727.47
8272           3727.485
8332           3727.498
8392           3727.511
8452           3727.522
8512           3727.531
8572           3727.543
8632           3727.55
8692           3727.561
8752           3727.571
8812           3727.582
8872           3727.589
8932           3727.597
8992           3727.602
9052           3727.611
9112           3727.625
9172           3727.634
9232           3727.641
9292           3727.647
9352           3727.661
9412           3727.672
9472           3727.686
9532           3727.695
9592           3727.708
9652           3727.719
9712           3727.736
9772           3727.745
9832           3727.751
9892           3727.761
9952           3727.778
10012          3727.792
10072          3727.801
10132          3727.807
10192          3727.823
10252          3727.832
10312          3727.841
10372          3727.85
10432          3727.861
10492          3727.872
10552          3727.881
10612          3727.89
10672          3727.895
10732          3727.903
10792          3727.915
10852          3727.926
10912          3727.937
10972          3727.949
11032          3727.961
11092          3727.974
11152          3727.983
11212          3727.987
11272          3727.998
11332          3728.014
11392          3728.027
11452          3728.035
11512          3728.044
11572          3728.053
11632          3728.063
11692          3728.073
11752          3728.083
11812          3728.092
11872          3728.103
11932          3728.112
11992          3728.119
12052          3728.13
12112          3728.139
12172          3728.15
12232          3728.159
12292          3728.164
12352          3728.174
12412          3728.185
12472          3728.199
12532          3728.207
12592          3728.214
12652          3728.225
12712          3728.234
12772          3728.243
12832          3728.253
12892          3728.265
12952          3728.271
13012          3728.283
13072          3728.295
13132          3728.308
13192          3728.313
13252          3728.319
13312          3728.329
13372          3728.338
13432          3728.346
13492          3728.357
13552          3728.366
13612          3728.375
13672          3728.383
13732          3728.388
13792          3728.397
13852          3728.406
13912          3728.418
13972          3728.425
14032          3728.435
14092          3728.444
14152          3728.452
14212          3728.461
14272          3728.468
14332          3728.477
14392          3728.486
14452          3728.497
14512          3728.507
14572          3728.513
14632          3728.521
14692          3728.528
14752          3728.536
14812          3728.541
14872          3728.552
14932          3728.56
14992          3728.569
15052          3728.576
15112          3728.583
15172          3728.59
15232          3728.597
15292          3728.604
15352          3728.612
15412          3728.619
15472          3728.629
15532          3728.636
15592          3728.641
15652          3728.647
15712          3728.656
15772          3728.663
15832          3728.668
15892          3728.671
15952          3728.68
16012          3728.688
16072          3728.697
16132          3728.703
16192          3728.709
16252          3728.716
16312          3728.722
16372          3728.728
16432          3728.734
16492          3728.739
16552          3728.744
16612          3728.751
16672          3728.759
16732          3728.766
16792          3728.772
16852          3728.78
16912          3728.784
16972          3728.786
17032          3728.791
17092          3728.798
17152          3728.802
17212          3728.811
17272          3728.819
17332          3728.826
17392          3728.833
17452          3728.834
17512          3728.838
17572          3728.845
17632          3728.852
17692          3728.858
18652          3728.913
19552          3728.962
20452          3728.993
21352          3729.003
22252          3728.988
23152          3728.96
24052          3728.915
24952          3728.855
25852          3728.781
26752          3728.688
27652          3728.588
28552          3728.478
29452          3728.358
30352          3728.233
31252          3728.111
32152          3727.978
33052          3727.851
33952          3727.724
34852          3727.606
35752          3727.493
36652          3727.401
37552          3727.313
38452          3727.25
39352          3727.189
40252          3727.153
41152          3727.129
42052          3727.13
42952          3727.145
43852          3727.182
44752          3727.235
45652          3727.304
46552          3727.384
47452          3727.489
48352          3727.604
49252          3727.727
50152          3727.867
51052          3728.007
51952          3728.153
52852          3728.301
53752          3728.451
54652          3728.599
55552          3728.742
56452          3728.882
57352          3729.007
58252          3729.121
59152          3729.214
60052          3729.298
60952          3729.368
61852          3729.417
62752          3729.448
63652          3729.453
64552          3729.442
65452          3729.414
66352          3729.36
67252          3729.285
68152          3729.193
69052          3729.084
69952          3728.952
70852          3728.809
71752          3728.651
72652          3728.485
73552          3728.308
74452          3728.124
