-97448         2772.923
-96548         2772.888
-95648         2772.865
-94748         2772.861
-93848         2772.874
-92948         2772.906
-92048         2772.948
-91148         2773.008
-90248         2773.08
-89348         2773.166
-88448         2773.26
-87548         2773.362
-86648         2773.475
-85748         2773.594
-84848         2773.711
-83948         2773.836
-83048         2773.958
-82148         2774.081
-81248         2774.2
-80348         2774.313
-79448         2774.418
-78548         2774.515
-77648         2774.599
-76748         2774.671
-75848         2774.728
-74948         2774.772
-74048         2774.799
-73148         2774.815
-72248         2774.814
-71348         2774.799
-70448         2774.767
-69548         2774.722
-68648         2774.662
-67748         2774.592
-66848         2774.507
-65948         2774.417
-65048         2774.317
-64148         2774.21
-63248         2774.103
-62348         2773.991
-61448         2773.884
-60548         2773.777
-59648         2773.673
-58748         2773.575
-57848         2773.486
-56948         2773.405
-56048         2773.337
-55148         2773.276
-54248         2773.23
-53348         2773.204
-52448         2773.19
-51548         2773.19
-50648         2773.206
-49748         2773.236
-48848         2773.28
-47948         2773.34
-47048         2773.413
-46148         2773.501
-45248         2773.596
-44348         2773.702
-43448         2773.817
-42548         2773.94
-41648         2774.063
-40748         2774.195
-39848         2774.322
-38948         2774.453
-38048         2774.576
-37148         2774.693
-36248         2774.803
-35348         2774.904
-34448         2774.994
-33548         2775.07
-32648         2775.136
-31748         2775.182
-30848         2775.215
-29948         2775.228
-29048         2775.224
-28148         2775.203
-27248         2775.162
-26348         2775.106
-25448         2775.035
-24548         2774.943
-23648         2774.84
-22748         2774.724
-21848         2774.597
-20948         2774.459
-20048         2774.316
-19148         2774.167
-18248         2774.013
-17348         2773.858
-16448         2773.705
-15548         2773.557
-14648         2773.414
-13748         2773.282
-12848         2773.161
-11948         2773.048
-11048         2772.952
-10148         2772.869
-9248          2772.799
-8348          2772.746
-7448          2772.711
-6548          2772.694
-5648          2772.698
-4748          2772.719
-3848          2772.756
-3788          2772.759
-3728          2772.762
-3668          2772.765
-3608          2772.767
-3548          2772.77
-3488          2772.774
-3428          2772.778
-3368          2772.782
-3308          2772.786
-3248          2772.79
-3188          2772.793
-3128          2772.797
-3068          2772.801
-3008          2772.805
-2948          2772.809
-2888          2772.813
-2828          2772.817
-2768          2772.822
-2708          2772.825
-2648          2772.83
-2588          2772.834
-2528          2772.839
-2468          2772.844
-2408          2772.848
-2348          2772.853
-2288          2772.858
-2228          2772.863
-2168          2772.868
-2108          2772.874
-2048          2772.878
-1988          2772.884
-1928          2772.889
-1868          2772.894
-1808          2772.9
-1748          2772.906
-1688          2772.911
-1628          2772.917
-1568          2772.922
-1508          2772.928
-1448          2772.934
-1388          2772.939
-1328          2772.945
-1268          2772.952
-1208          2772.958
-1148          2772.964
-1088          2772.97
-1028          2772.976
-968           2772.983
-908           2772.989
-848           2772.994
-788           2773.001
-728           2773.008
-668           2773.014
-608           2773.02
-548           2773.027
-488           2773.034
-428           2773.041
-368           2773.046
-308           2773.053
-248           2773.061
-188           2773.067
-128           2773.075
-68            2773.081
-8             2773.09
52             2773.094
112            2773.063
127            2773.086
142            2773.127
157            2772.919
172            2773.559
187            2772.678
202            2773.076
217            2773.207
232            2773.228
247            2773.293
262            2773.023
277            2773.071
292            2773.011
307            2773.108
322            2773.161
337            2773.221
352            2773.094
412            2773.144
472            2773.159
532            2773.134
592            2773.176
652            2773.162
712            2773.19
772            2773.168
832            2773.206
892            2773.213
952            2773.199
1012           2773.223
1072           2773.216
1132           2773.243
1192           2773.231
1252           2773.249
1312           2773.256
1372           2773.269
1432           2773.274
1492           2773.281
1552           2773.287
1612           2773.295
1672           2773.305
1732           2773.316
1792           2773.326
1852           2773.329
1912           2773.34
1972           2773.346
2032           2773.357
2092           2773.368
2152           2773.371
2212           2773.383
2272           2773.393
2332           2773.4
2392           2773.408
2452           2773.424
2512           2773.439
2572           2773.471
2632           2773.502
2692           2773.52
2752           2773.523
2812           2773.519
2872           2773.526
2932           2773.524
2992           2773.52
3052           2773.525
3112           2773.534
3172           2773.537
3232           2773.515
3292           2773.512
3352           2773.523
3412           2773.526
3472           2773.541
3532           2773.542
3592           2773.54
3652           2773.54
3712           2773.564
3772           2773.583
3832           2773.611
3892           2773.599
3952           2773.606
4012           2773.664
4072           2773.686
4132           2773.677
4192           2773.679
4252           2773.694
4312           2773.676
4372           2773.681
4432           2773.698
4492           2773.714
4552           2773.727
4612           2773.74
4672           2773.744
4732           2773.749
4792           2773.756
4852           2773.758
4912           2773.785
4972           2773.789
5032           2773.812
5092           2773.823
5152           2773.83
5212           2773.827
5272           2773.835
5332           2773.837
5392           2773.844
5452           2773.85
5512           2773.873
5572           2773.882
5632           2773.894
5692           2773.901
5752           2773.915
5812           2773.913
5872           2773.925
5932           2773.929
5992           2773.941
6052           2773.957
6112           2773.967
6172           2773.974
6232           2773.98
6292           2773.986
6352           2773.995
6412           2774.005
6472           2774.022
6532           2774.029
6592           2774.043
6652           2774.055
6712           2774.058
6772           2774.061
6832           2774.068
6892           2774.083
6952           2774.092
7012           2774.098
7072           2774.109
7132           2774.122
7192           2774.127
7252           2774.135
7312           2774.14
7372           2774.152
7432           2774.16
7492           2774.166
7552           2774.179
7612           2774.189
7672           2774.197
7732           2774.205
7792           2774.213
7852           2774.22
7912           2774.221
7972           2774.23
8032           2774.243
8092           2774.257
8152           2774.267
8212           2774.273
8272           2774.282
8332           2774.29
8392           2774.297
8452           2774.306
8512           2774.313
8572           2774.319
8632           2774.33
8692           2774.339
8752           2774.344
8812           2774.351
8872           2774.358
8932           2774.369
8992           2774.373
9052           2774.383
9112           2774.395
9172           2774.403
9232           2774.407
9292           2774.416
9352           2774.422
9412           2774.428
9472           2774.429
9532           2774.434
9592           2774.444
9652           2774.454
9712           2774.466
9772           2774.475
9832           2774.484
9892           2774.487
9952           2774.492
10012          2774.499
10072          2774.508
10132          2774.518
10192          2774.524
10252          2774.533
10312          2774.537
10372          2774.54
10432          2774.55
10492          2774.557
10552          2774.564
10612          2774.569
10672          2774.571
10732          2774.578
10792          2774.582
10852          2774.587
10912          2774.591
10972          2774.599
11032          2774.607
11092          2774.613
11152          2774.617
11212          2774.619
11272          2774.624
11332          2774.631
11392          2774.637
11452          2774.646
11512          2774.654
11572          2774.661
11632          2774.667
11692          2774.675
11752          2774.683
11812          2774.689
11872          2774.693
11932          2774.697
11992          2774.706
12052          2774.71
12112          2774.712
12172          2774.715
12232          2774.721
12292          2774.725
12352          2774.728
12412          2774.732
12472          2774.738
12532          2774.744
12592          2774.748
12652          2774.753
12712          2774.756
12772          2774.76
12832          2774.768
12892          2774.774
12952          2774.777
13012          2774.779
13072          2774.781
13132          2774.782
13192          2774.787
13252          2774.79
13312          2774.793
13372          2774.794
13432          2774.797
13492          2774.802
13552          2774.804
13612          2774.807
13672          2774.809
13732          2774.81
13792          2774.816
13852          2774.822
13912          2774.824
13972          2774.823
14032          2774.825
14092          2774.831
14152          2774.834
14212          2774.836
14272          2774.839
14332          2774.84
14392          2774.847
14452          2774.851
14512          2774.851
14572          2774.85
14632          2774.851
14692          2774.857
14752          2774.861
14812          2774.867
14872          2774.867
14932          2774.867
14992          2774.869
15052          2774.868
15112          2774.87
15172          2774.873
15232          2774.874
15292          2774.873
15352          2774.872
15412          2774.874
15472          2774.875
15532          2774.879
15592          2774.878
15652          2774.88
15712          2774.883
15772          2774.882
15832          2774.882
15892          2774.88
15952          2774.88
16012          2774.884
16072          2774.889
16132          2774.892
16192          2774.891
16252          2774.893
16312          2774.892
16372          2774.893
16432          2774.892
16492          2774.89
16552          2774.893
16612          2774.895
16672          2774.895
16732          2774.894
16792          2774.891
16852          2774.889
16912          2774.887
16972          2774.887
17032          2774.886
17092          2774.884
17152          2774.883
17212          2774.878
17272          2774.876
17332          2774.871
17392          2774.873
17452          2774.872
17512          2774.873
17572          2774.872
17632          2774.868
17692          2774.868
18652          2774.836
19552          2774.8
20452          2774.731
21352          2774.66
22252          2774.576
23152          2774.48
24052          2774.382
24952          2774.281
25852          2774.169
26752          2774.058
27652          2773.95
28552          2773.841
29452          2773.737
30352          2773.643
31252          2773.553
32152          2773.475
33052          2773.41
33952          2773.353
34852          2773.313
35752          2773.287
36652          2773.272
37552          2773.286
38452          2773.291
39352          2773.333
40252          2773.387
41152          2773.455
42052          2773.536
42952          2773.625
43852          2773.733
44752          2773.847
45652          2773.976
46552          2774.094
47452          2774.225
48352          2774.35
49252          2774.481
50152          2774.606
51052          2774.72
51952          2774.834
52852          2774.939
53752          2775.031
54652          2775.116
55552          2775.183
56452          2775.234
57352          2775.266
58252          2775.283
59152          2775.289
60052          2775.266
60952          2775.23
61852          2775.174
62752          2775.103
63652          2775.015
64552          2774.915
65452          2774.797
66352          2774.662
67252          2774.519
68152          2774.368
69052          2774.209
69952          2774.05
70852          2773.889
71752          2773.728
72652          2773.571
73552          2773.415
74452          2773.271
